,Headline,Type,Username,URL,User URL,Date,2022-06-20,2022-06-21,2022-06-22,2022-06-23,2022-06-24,2022-06-25,2022-06-26,index,change1,change2,change3,change4,change5,change6,total_change
0,求文，adgg观影体有没有啊，adgg的！,text,艾斯鼻,https://aisibi76903.lofter.com/post/7452b0df_2b5c7788a,https://aisibi76903.lofter.com/,2022-06-20,0,8,8,8,8,8,8,0,8,0,0,0,0,0,8
1,【adgg】小骗子（下）,text,悬铃木,https://platanus-occidentalis-l.lofter.com/post/74b43cf8_2b5c776f7,https://platanus-occidentalis-l.lofter.com/,2022-06-20,9,36,45,51,51,55,55,1,27,9,6,0,4,0,46
2,占tag致歉，真的想要找一个群来磕ADGG,text,秦胤,https://sushidelaopo.lofter.com/post/31a45e26_2b5c7941d,https://sushidelaopo.lofter.com/,2022-06-20,0,4,4,4,4,4,4,2,4,0,0,0,0,0,4
3,【adgg】小骗子（中）,text,悬铃木,https://platanus-occidentalis-l.lofter.com/post/74b43cf8_2b5c664ec,https://platanus-occidentalis-l.lofter.com/,2022-06-20,28,31,37,40,41,46,46,3,3,6,3,1,5,0,18
4,不速之客（下）,text,moinmoin,https://moinmoin150.lofter.com/post/1ebe7c87_2b5c60c5f,https://moinmoin150.lofter.com/,2022-06-20,57,63,66,72,80,85,85,4,6,3,6,8,5,0,28
5,【ADGG】红白玫瑰（50）,text,沨森空响,https://banzhujiang.lofter.com/post/1f6abc7b_2b5c5cbb6,https://banzhujiang.lofter.com/,2022-06-20,42,49,54,63,64,69,69,5,7,5,9,1,5,0,27
6,None,img,青崖山小龙女,https://andydufresne66959.lofter.com/post/31989391_2b5c56d24,https://andydufresne66959.lofter.com/,2022-06-20,31,59,71,75,86,92,92,6,28,12,4,11,6,0,61
7,【ADGG】这个GG就是逊啦（2）,text,楚潼,https://girlleianna.lofter.com/post/4b88e628_2b5c5850d,https://girlleianna.lofter.com/,2022-06-19,31,44,55,58,62,64,64,7,13,11,3,4,2,0,33
8,【adgg】星海（16）,text,初夏的风木,https://chuxiadefengmu.lofter.com/post/74443b56_2b5c545ca,https://chuxiadefengmu.lofter.com/,2022-06-19,107,126,122,124,127,134,134,8,19,-4,2,3,7,0,27
9,《灰烬》03,text,多喝白开水,https://2781260535.lofter.com/post/1e0cbc67_2b5c55103,https://2781260535.lofter.com/,2022-06-19,64,85,91,96,104,105,105,9,21,6,5,8,1,0,41
10,[ADGG]这个GG就是逊啦（1）,text,楚潼,https://girlleianna.lofter.com/post/4b88e628_2b5c27462,https://girlleianna.lofter.com/,2022-06-19,39,58,65,68,78,83,83,10,19,7,3,10,5,0,44
11,【adgg】小骗子（上）,text,悬铃木,https://platanus-occidentalis-l.lofter.com/post/74b43cf8_2b5bfbcb4,https://platanus-occidentalis-l.lofter.com/,2022-06-19,34,40,45,48,48,51,51,11,6,5,3,0,3,0,17
12,【授翻】GGAD之有问必答（9/9）,text,moinmoin,https://moinmoin150.lofter.com/post/1ebe7c87_2b5c41efb,https://moinmoin150.lofter.com/,2022-06-19,39,39,40,41,41,42,42,12,0,1,1,0,1,0,3
13,不速之客（上）,text,moinmoin,https://moinmoin150.lofter.com/post/1ebe7c87_2b5c3dfc9,https://moinmoin150.lofter.com/,2022-06-19,80,87,89,98,102,106,106,13,7,2,9,4,4,0,26
14,Iðunn,text,金蝉加得,https://zhonger84482.lofter.com/post/4cc8f23d_2b5c31f0c,https://zhonger84482.lofter.com/,2022-06-19,67,74,78,78,79,75,75,14,7,4,0,1,-4,0,8
15,【adgg】第二章,text,玄奘三藏,https://jianghaozhenjie.lofter.com/post/4ba9039a_2b5c2beef,https://jianghaozhenjie.lofter.com/,2022-06-18,22,22,27,27,28,28,28,15,0,5,0,1,0,0,6
16,金色的大鸟（巴沙特篇）,text,失格者 ⃒⃘⃤,https://yemingmeiyu.lofter.com/post/309139dd_2b5b82aff,https://yemingmeiyu.lofter.com/,2022-06-18,48,48,49,53,55,54,54,16,0,1,4,2,-1,0,6
17,【adgg】The Death of Rose,text,青崖山小龙女,https://andydufresne66959.lofter.com/post/31989391_2b5bf5f91,https://andydufresne66959.lofter.com/,2022-06-18,70,76,78,82,85,87,87,17,6,2,4,3,2,0,17
18,有虐ad的文吗？,text,seafood pancake cake,https://naiyikoubai.lofter.com/post/1f3535e6_2b5c233a3,https://naiyikoubai.lofter.com/,2022-06-18,7,8,8,9,9,9,9,18,1,0,1,0,0,0,2
19,【GG中心||ADGG】For the future,text,秦胤,https://sushidelaopo.lofter.com/post/31a45e26_2b5c116b2,https://sushidelaopo.lofter.com/,2022-06-18,18,21,22,22,23,24,24,19,3,1,0,1,1,0,6
20,【adgg】星海（15）,text,初夏的风木,https://chuxiadefengmu.lofter.com/post/74443b56_2b5c0adb9,https://chuxiadefengmu.lofter.com/,2022-06-17,160,163,163,165,167,170,170,20,3,0,2,2,3,0,10
21,第一章,text,玄奘三藏,https://jianghaozhenjie.lofter.com/post/4ba9039a_2b5c0895e,https://jianghaozhenjie.lofter.com/,2022-06-17,25,25,25,25,26,27,27,21,0,0,0,1,1,0,2
22,抡雨,text,玄奘三藏,https://jianghaozhenjie.lofter.com/post/4ba9039a_2b5c0082d,https://jianghaozhenjie.lofter.com/,2022-06-17,20,20,20,20,20,20,20,22,0,0,0,0,0,0,0
23,脑洞-她还是他？,text,悬铃木,https://platanus-occidentalis-l.lofter.com/post/74b43cf8_2b5bec9e0,https://platanus-occidentalis-l.lofter.com/,2022-06-17,12,12,12,13,13,13,13,23,0,0,1,0,0,0,1
24,All I Ask 别无所求,text,糖糕糕,https://mushrovom.lofter.com/post/1d512917_2b5b8dda3,https://mushrovom.lofter.com/,2022-06-16,50,54,54,56,58,59,59,24,4,0,2,2,1,0,9
25,【adgg】Star faded,text,青崖山小龙女,https://andydufresne66959.lofter.com/post/31989391_2b5bd9de4,https://andydufresne66959.lofter.com/,2022-06-16,103,108,108,111,112,114,114,25,5,0,3,1,2,0,11
26,None,img,可梦颖欣,https://kemengyingxin.lofter.com/post/30be3ce1_2b5bd934a,https://kemengyingxin.lofter.com/,2022-06-16,41,47,50,58,64,69,69,26,6,3,8,6,5,0,28
27,【ggadgg】非典型性热文分析与推荐,text,moinmoin,https://moinmoin150.lofter.com/post/1ebe7c87_2b5bd2997,https://moinmoin150.lofter.com/,2022-06-16,137,142,146,147,148,149,149,27,5,4,1,1,1,0,12
28,adgg,text,Always,https://yinyongyue.lofter.com/post/741dcfd2_2b5bd0d53,https://yinyongyue.lofter.com/,2022-06-16,50,50,50,52,52,52,52,28,0,0,2,0,0,0,2
29,None,img,moinmoin,https://moinmoin150.lofter.com/post/1ebe7c87_2b5bc9661,https://moinmoin150.lofter.com/,2022-06-15,58,60,63,63,63,63,63,29,2,3,0,0,0,0,5
30,【adgg】星海（14）,text,初夏的风木,https://chuxiadefengmu.lofter.com/post/74443b56_2b5bcb389,https://chuxiadefengmu.lofter.com/,2022-06-15,156,164,167,168,169,174,174,30,8,3,1,1,5,0,18
31,《灰烬》02,text,多喝白开水,https://2781260535.lofter.com/post/1e0cbc67_2b5bc85c3,https://2781260535.lofter.com/,2022-06-15,150,156,155,157,157,162,162,31,6,-1,2,0,5,0,12
32,Iðunn,text,金蝉加得,https://zhonger84482.lofter.com/post/4cc8f23d_2b5bc8194,https://zhonger84482.lofter.com/,2022-06-15,69,71,72,72,72,72,72,32,2,1,0,0,0,0,3
33,大纲＋人物设定,text,April,https://april67505.lofter.com/post/74ce63fa_2b5bbf15c,https://april67505.lofter.com/,2022-06-15,17,19,20,20,20,20,20,33,2,1,0,0,0,0,3
34,点梗,text,悬铃木,https://platanus-occidentalis-l.lofter.com/post/74b43cf8_2b5b8dc95,https://platanus-occidentalis-l.lofter.com/,2022-06-14,5,5,5,5,5,6,6,34,0,0,0,0,1,0,1
35,None,img,Burke,https://wenruohan430.lofter.com/post/3117898f_2b5b8dbbb,https://wenruohan430.lofter.com/,2022-06-14,8,8,8,8,8,8,8,35,0,0,0,0,0,0,0
36,有关糖,text,Neville Jane Olanjeuf⃒⃘⃤,https://fanmaihuanghundewenrou.lofter.com/post/4bdd0961_2b5b89413,https://fanmaihuanghundewenrou.lofter.com/,2022-06-13,7,7,7,7,7,7,7,36,0,0,0,0,0,0,0
37,【adgg】星海（13）,text,初夏的风木,https://chuxiadefengmu.lofter.com/post/74443b56_2b5b89dde,https://chuxiadefengmu.lofter.com/,2022-06-13,119,121,125,126,126,130,130,37,2,4,1,0,4,0,11
38,【ADGG】红白玫瑰（49）,text,沨森空响,https://banzhujiang.lofter.com/post/1f6abc7b_2b5b898f1,https://banzhujiang.lofter.com/,2022-06-13,74,75,76,73,73,74,74,38,1,1,-3,0,1,0,0
39,None,img,尚恩鹅鹅鹅鹅鹅鹅鹅,https://shangeneeeeeee.lofter.com/post/74dbd205_2b5b85ef8,https://shangeneeeeeee.lofter.com/,2022-06-13,9,9,9,9,9,10,10,39,0,0,0,0,1,0,1
40,【adgg】脑洞—甜品奇缘,text,悬铃木,https://platanus-occidentalis-l.lofter.com/post/74b43cf8_2b5b83f6d,https://platanus-occidentalis-l.lofter.com/,2022-06-13,26,26,28,28,28,29,29,40,0,2,0,0,1,0,3
41,【adgg】Star faded,text,青崖山小龙女,https://andydufresne66959.lofter.com/post/31989391_2b5b7bc28,https://andydufresne66959.lofter.com/,2022-06-13,81,84,84,84,85,85,85,41,3,0,0,1,0,0,4
42,【adgg】脑洞——另一个故事,text,悬铃木,https://platanus-occidentalis-l.lofter.com/post/74b43cf8_2b5b7a72c,https://platanus-occidentalis-l.lofter.com/,2022-06-13,48,50,49,53,53,54,54,42,2,-1,4,0,1,0,6
43,【adgg】瘾+pwp,text,moinmoin,https://moinmoin150.lofter.com/post/1ebe7c87_2b5b7786c,https://moinmoin150.lofter.com/,2022-06-13,39,39,39,40,40,40,40,43,0,0,1,0,0,0,1
44,【ADGG】红白玫瑰（48）,text,沨森空响,https://banzhujiang.lofter.com/post/1f6abc7b_2b5b70239,https://banzhujiang.lofter.com/,2022-06-12,57,60,61,61,61,62,62,44,3,1,0,0,1,0,5
45,打扰了，找篇文,text,喜欢lex永永远远❤️（阴阳怪气光芒万丈,https://xuzilanfeng896.lofter.com/post/1fc974ac_2b5b6f623,https://xuzilanfeng896.lofter.com/,2022-06-12,11,11,11,11,11,11,11,45,0,0,0,0,0,0,0
46,问一下姐妹们……,text,庭梧生,https://tingwusheng78055.lofter.com/post/7445ef3b_2b5b59aa6,https://tingwusheng78055.lofter.com/,2022-06-12,3,3,3,3,3,3,3,46,0,0,0,0,0,0,0
47,ADGG是真的！,text,电灯泡它亮如白昼,https://hulanhe23476.lofter.com/post/740dfe2d_2b5b57474,https://hulanhe23476.lofter.com/,2022-06-12,11,11,11,12,12,12,12,47,0,0,1,0,0,0,1
48,惊！ADGG那年那些（破）事！,text,啦啦啦种太阳,https://yushengwuguo.lofter.com/post/1fd10182_2b5b49c37,https://yushengwuguo.lofter.com/,2022-06-12,27,27,29,31,31,31,31,48,0,2,2,0,0,0,4
49,前往霍格沃茨,text,失格者 ⃒⃘⃤,https://yemingmeiyu.lofter.com/post/309139dd_2b5a252f5,https://yemingmeiyu.lofter.com/,2022-06-12,63,64,64,65,70,71,71,49,1,0,1,5,1,0,8
50,【adgg】星海（12）,text,初夏的风木,https://chuxiadefengmu.lofter.com/post/74443b56_2b5b48c8e,https://chuxiadefengmu.lofter.com/,2022-06-11,148,150,153,153,153,158,158,50,2,3,0,0,5,0,10
51,如果我们不曾相遇-demo,text,高锥克山谷的萝莉   ⃒⃘⃤,https://gaozhuikeshangudeluoli.lofter.com/post/1f9724ff_2b5b48c4b,https://gaozhuikeshangudeluoli.lofter.com/,2022-06-11,14,14,14,14,14,14,14,51,0,0,0,0,0,0,0
52,关于变成格林德沃的样子穿越08,text,嘉德零,https://jiadeling.lofter.com/post/4c949fcb_2b5b16c56,https://jiadeling.lofter.com/,2022-06-11,123,123,122,125,125,126,126,52,0,-1,3,0,1,0,3
53,浅浅发个福利,text,青崖山小龙女,https://andydufresne66959.lofter.com/post/31989391_2b5b3f7ba,https://andydufresne66959.lofter.com/,2022-06-11,21,21,21,21,21,21,21,53,0,0,0,0,0,0,0
54,None,img,沫言demotivation,https://moyandemotivation.lofter.com/post/748c3de2_2b5b32072,https://moyandemotivation.lofter.com/,2022-06-11,22,22,22,23,23,25,25,54,0,0,1,0,2,0,3
55,None,img,电灯泡它亮如白昼,https://hulanhe23476.lofter.com/post/740dfe2d_2b5b301fb,https://hulanhe23476.lofter.com/,2022-06-11,40,40,42,44,44,44,44,55,0,2,2,0,0,0,4
56,None,img,April,https://april67505.lofter.com/post/74ce63fa_2b5b34981,https://april67505.lofter.com/,2022-06-11,5,5,5,5,5,5,5,56,0,0,0,0,0,0,0
57,瘾,text,moinmoin,https://moinmoin150.lofter.com/post/1ebe7c87_2b5b30090,https://moinmoin150.lofter.com/,2022-06-11,99,99,100,103,103,103,103,57,0,1,3,0,0,0,4
58,Iðunn,text,金蝉加得,https://zhonger84482.lofter.com/post/4cc8f23d_2b5b27df9,https://zhonger84482.lofter.com/,2022-06-11,89,90,91,91,91,91,91,58,1,1,0,0,0,0,2
59,【adgg】星海（11）,text,初夏的风木,https://chuxiadefengmu.lofter.com/post/74443b56_2b5b25720,https://chuxiadefengmu.lofter.com/,2022-06-10,162,166,170,171,171,176,176,59,4,4,1,0,5,0,14
60,金色的大鸟（格林德沃夫人篇）,text,失格者 ⃒⃘⃤,https://yemingmeiyu.lofter.com/post/309139dd_2b5b1549e,https://yemingmeiyu.lofter.com/,2022-06-10,47,47,47,48,48,53,53,60,0,0,1,0,5,0,6
61,【adgg】The Death of Rose,text,青崖山小龙女,https://andydufresne66959.lofter.com/post/31989391_2b593a9a1,https://andydufresne66959.lofter.com/,2022-06-10,81,84,83,83,83,84,84,61,3,-1,0,0,1,0,3
62,《灰烬》01,text,多喝白开水,https://2781260535.lofter.com/post/1e0cbc67_2b5b0a355,https://2781260535.lofter.com/,2022-06-10,186,193,194,196,197,199,199,62,7,1,2,1,2,0,13
63,【授翻】龟兔赛跑 CH.2,text,战斗系橘喵【看个人介绍】,https://tomarry12317.lofter.com/post/1e53404d_2b5afab4e,https://tomarry12317.lofter.com/,2022-06-09,121,121,121,121,121,123,123,63,0,0,0,0,2,0,2
64,None,img,高锥克山谷的萝莉   ⃒⃘⃤,https://gaozhuikeshangudeluoli.lofter.com/post/1f9724ff_2b5af01e1,https://gaozhuikeshangudeluoli.lofter.com/,2022-06-09,185,186,188,188,191,192,192,64,1,2,0,3,1,0,7
65,【授翻】GGAD之有问必答（7/9）,text,moinmoin,https://moinmoin150.lofter.com/post/1ebe7c87_2b5aec581,https://moinmoin150.lofter.com/,2022-06-09,64,64,64,64,64,64,64,65,0,0,0,0,0,0,0
66,一个脑洞,text,青崖山小龙女,https://andydufresne66959.lofter.com/post/31989391_2b5ae4658,https://andydufresne66959.lofter.com/,2022-06-09,23,24,24,25,25,25,25,66,1,0,1,0,0,0,2
67,None,img,moinmoin,https://moinmoin150.lofter.com/post/1ebe7c87_2b5ae1381,https://moinmoin150.lofter.com/,2022-06-08,63,64,64,64,65,65,65,67,1,0,0,1,0,0,2
68,【adgg】星海（10）,text,初夏的风木,https://chuxiadefengmu.lofter.com/post/74443b56_2b5ae2970,https://chuxiadefengmu.lofter.com/,2022-06-08,156,160,162,163,165,171,171,68,4,2,1,2,6,0,15
69,Iðunn,text,金蝉加得,https://zhonger84482.lofter.com/post/4cc8f23d_2b5adac66,https://zhonger84482.lofter.com/,2022-06-08,76,77,78,78,78,78,78,69,1,1,0,0,0,0,2
70,关于变成格林德沃的样子穿越07,text,嘉德零,https://jiadeling.lofter.com/post/4c949fcb_2b5aac81a,https://jiadeling.lofter.com/,2022-06-08,146,150,153,155,156,158,158,70,4,3,2,1,2,0,12
71,金色的大鸟（上＋格林德沃先生篇）,text,失格者 ⃒⃘⃤,https://yemingmeiyu.lofter.com/post/309139dd_2b5ac70b9,https://yemingmeiyu.lofter.com/,2022-06-08,46,47,48,49,49,49,49,71,1,1,1,0,0,0,3
72,None,img,moinmoin,https://moinmoin150.lofter.com/post/1ebe7c87_2b5abb921,https://moinmoin150.lofter.com/,2022-06-07,3842,3998,4080,4179,4287,4428,4428,72,156,82,99,108,141,0,586
73,None,img,moinmoin,https://moinmoin150.lofter.com/post/1ebe7c87_2b5abae1d,https://moinmoin150.lofter.com/,2022-06-07,85,86,86,88,88,88,88,73,1,0,2,0,0,0,3
74,None,img,想喝奶茶,https://bu167.lofter.com/post/1f454d2c_2b5abc46b,https://bu167.lofter.com/,2022-06-07,267,267,267,270,272,274,274,74,0,0,3,2,2,0,7
75,《∞》06-07（完）,text,多喝白开水,https://2781260535.lofter.com/post/1e0cbc67_2b5ababc3,https://2781260535.lofter.com/,2022-06-07,97,100,100,101,102,107,107,75,3,0,1,1,5,0,10
76,【adgg】Star faded,text,青崖山小龙女,https://andydufresne66959.lofter.com/post/31989391_2b5aa61ba,https://andydufresne66959.lofter.com/,2022-06-07,125,126,126,127,128,128,128,76,1,0,1,1,0,0,3
77,求adgg组织收留,text,kissukinkilove,https://kissukinkilove.lofter.com/post/1f0abee9_2b5aa6e53,https://kissukinkilove.lofter.com/,2022-06-07,6,6,6,6,6,6,6,77,0,0,0,0,0,0,0
78,None,img,良烨(刀糖手随时切换),https://sunyiqiantonystark.lofter.com/post/318c314e_2b5aaae1e,https://sunyiqiantonystark.lofter.com/,2022-06-07,10,10,10,10,10,10,10,78,0,0,0,0,0,0,0
79,找文,text,司骨,https://banshengweiliang059.lofter.com/post/30de192d_2b5aa5798,https://banshengweiliang059.lofter.com/,2022-06-07,9,11,11,13,13,13,13,79,2,0,2,0,0,0,4
80,None,img,moinmoin,https://moinmoin150.lofter.com/post/1ebe7c87_2b5a99321,https://moinmoin150.lofter.com/,2022-06-07,59,59,59,59,59,59,59,80,0,0,0,0,0,0,0
81,【adgg】星海（9）,text,初夏的风木,https://chuxiadefengmu.lofter.com/post/74443b56_2b5a953f7,https://chuxiadefengmu.lofter.com/,2022-06-06,160,162,163,164,167,171,171,81,2,1,1,3,4,0,11
82,[hp]从纽蒙迦德开始的黑魔法觉醒（3）,text,Autistic.,https://guigujiu.lofter.com/post/4b73b51a_2b598de49,https://guigujiu.lofter.com/,2022-06-06,163,164,170,171,172,172,172,82,1,6,1,1,0,0,9
83,【adgg】时过境迁（下）,text,悬铃木,https://platanus-occidentalis-l.lofter.com/post/74b43cf8_2b5a91a67,https://platanus-occidentalis-l.lofter.com/,2022-06-06,51,51,52,53,53,55,55,83,0,1,1,0,2,0,4
84,论邓布利多/五条悟和格林德沃/夏油杰之间的相似性,text,先生,https://xiansheng078.lofter.com/post/309bf98d_2b5a8ea2f,https://xiansheng078.lofter.com/,2022-06-06,74,75,76,79,81,87,87,84,1,1,3,2,6,0,13
85,【adgg】羊毛袜子,text,悬铃木,https://platanus-occidentalis-l.lofter.com/post/74b43cf8_2b5a89678,https://platanus-occidentalis-l.lofter.com/,2022-06-06,49,49,51,55,57,60,60,85,0,2,4,2,3,0,11
86,金色的大鸟（上）,text,失格者 ⃒⃘⃤,https://yemingmeiyu.lofter.com/post/309139dd_2b5a7387a,https://yemingmeiyu.lofter.com/,2022-06-06,60,61,61,61,62,63,63,86,1,0,0,1,1,0,3
87,想象中的决斗,text,⃒⃘⃤*邓布利多最喜欢的学生* ⃒⃘⃤,https://drarry87486.lofter.com/post/73ec663d_2b58f73f7,https://drarry87486.lofter.com/,2022-06-06,19,19,19,19,19,19,19,87,0,0,0,0,0,0,0
88,None,img,想喝奶茶,https://bu167.lofter.com/post/1f454d2c_2b5a681b3,https://bu167.lofter.com/,2022-06-05,49,49,49,49,49,49,49,88,0,0,0,0,0,0,0
89,None,img,想喝奶茶,https://bu167.lofter.com/post/1f454d2c_2b5a65765,https://bu167.lofter.com/,2022-06-05,74,74,74,74,74,74,74,89,0,0,0,0,0,0,0
90,None,img,青森修二,https://nolreweg.lofter.com/post/1d585967_2b5a6a6ea,https://nolreweg.lofter.com/,2022-06-05,14,14,14,16,16,16,16,90,0,0,2,0,0,0,2
91,【adgg】Star faded,text,青崖山小龙女,https://andydufresne66959.lofter.com/post/31989391_2b5a61846,https://andydufresne66959.lofter.com/,2022-06-05,124,128,130,130,132,133,133,91,4,2,0,2,1,0,9
92,Iðunn,text,金蝉加得,https://zhonger84482.lofter.com/post/4cc8f23d_2b5a6509d,https://zhonger84482.lofter.com/,2022-06-05,80,81,82,82,82,82,82,92,1,1,0,0,0,0,2
93,关于变成格林德沃的样子穿越06,text,嘉德零,https://jiadeling.lofter.com/post/4c949fcb_2b5a5abd7,https://jiadeling.lofter.com/,2022-06-05,141,145,151,152,152,155,155,93,4,6,1,0,3,0,14
94,None,img,想喝奶茶,https://bu167.lofter.com/post/1f454d2c_2b5a61807,https://bu167.lofter.com/,2022-06-05,41,41,43,43,43,44,44,94,0,2,0,0,1,0,3
95,【ADGG】红白玫瑰（47）,text,沨森空响,https://banzhujiang.lofter.com/post/1f6abc7b_2b5a5c50e,https://banzhujiang.lofter.com/,2022-06-05,80,83,84,84,84,85,85,95,3,1,0,0,1,0,5
96,【adgg】星海（8）,text,初夏的风木,https://chuxiadefengmu.lofter.com/post/74443b56_2b5a4f8ba,https://chuxiadefengmu.lofter.com/,2022-06-05,164,167,169,170,171,178,178,96,3,2,1,1,7,0,14
97,None,img,可梦颖欣,https://kemengyingxin.lofter.com/post/30be3ce1_2b5a4ad4e,https://kemengyingxin.lofter.com/,2022-06-05,10,10,10,10,10,10,10,97,0,0,0,0,0,0,0
98,【ADGG】Written in water 1,text,不铭,https://bumingzhiyyu.lofter.com/post/1f52ca4a_2b5a39ed2,https://bumingzhiyyu.lofter.com/,2022-06-04,73,73,73,75,75,75,75,98,0,0,2,0,0,0,2
99,〖ADGG〗〖GG中心〗毋寞（孑番外）,text,楚阿米,https://chuzizhi.lofter.com/post/2023f526_2b5a3a1da,https://chuzizhi.lofter.com/,2022-06-04,181,182,188,189,196,202,202,99,1,6,1,7,6,0,21
100,ADGG因你跳动·第一章,text,沫言demotivation,https://moyandemotivation.lofter.com/post/748c3de2_2b5a2aaeb,https://moyandemotivation.lofter.com/,2022-06-04,24,27,27,29,29,29,29,100,3,0,2,0,0,0,5
101,【adgg】Star faded,text,青崖山小龙女,https://andydufresne66959.lofter.com/post/31989391_2b5a2dcc7,https://andydufresne66959.lofter.com/,2022-06-04,130,132,133,132,134,134,134,101,2,1,-1,2,0,0,4
102,None,img,想喝奶茶,https://bu167.lofter.com/post/1f454d2c_2b5a2d864,https://bu167.lofter.com/,2022-06-04,111,114,117,121,121,122,122,102,3,3,4,0,1,0,11
103,放一下脑洞,text,Neville Jane Olanjeuf⃒⃘⃤,https://fanmaihuanghundewenrou.lofter.com/post/4bdd0961_2b5a26b83,https://fanmaihuanghundewenrou.lofter.com/,2022-06-04,27,27,27,27,27,27,27,103,0,0,0,0,0,0,0
104,None,img,这是一碗泡面汤,https://gaara951.lofter.com/post/1fadb982_2b5a24ed3,https://gaara951.lofter.com/,2022-06-04,13,13,13,13,13,13,13,104,0,0,0,0,0,0,0
105,《∞》04-05,text,多喝白开水,https://2781260535.lofter.com/post/1e0cbc67_2b5a2066f,https://2781260535.lofter.com/,2022-06-04,79,79,80,81,81,87,87,105,0,1,1,0,6,0,8
106,【adgg】星海（7）,text,初夏的风木,https://chuxiadefengmu.lofter.com/post/74443b56_2b5a1ca7d,https://chuxiadefengmu.lofter.com/,2022-06-04,157,159,163,163,165,170,170,106,2,4,0,2,5,0,13
107,None,img,April,https://april67505.lofter.com/post/74ce63fa_2b5a199ef,https://april67505.lofter.com/,2022-06-04,4,4,4,4,4,4,4,107,0,0,0,0,0,0,0
108,None,img,小包一挎,https://shaoyedeqingpingguo40033.lofter.com/post/4cdab2a3_2b5a0b85c,https://shaoyedeqingpingguo40033.lofter.com/,2022-06-04,129,132,135,138,140,141,141,108,3,3,3,2,1,0,12
109,None,img,April,https://april67505.lofter.com/post/74ce63fa_2b5a0a0e4,https://april67505.lofter.com/,2022-06-04,8,8,8,8,8,8,8,109,0,0,0,0,0,0,0
110,【adgg】星海（6）,text,初夏的风木,https://chuxiadefengmu.lofter.com/post/74443b56_2b5a0024d,https://chuxiadefengmu.lofter.com/,2022-06-03,149,153,160,160,160,163,163,110,4,7,0,0,3,0,14
111,None,img,想喝奶茶,https://bu167.lofter.com/post/1f454d2c_2b59f255b,https://bu167.lofter.com/,2022-06-03,61,61,61,61,61,61,61,111,0,0,0,0,0,0,0
112,黎明之前3,text,Bycatch    ⃒⃘⃤,https://walburga.lofter.com/post/73f1959c_2b59e8f48,https://walburga.lofter.com/,2022-06-03,84,87,87,88,88,88,88,112,3,0,1,0,0,0,4
113,None,img,Bycatch    ⃒⃘⃤,https://walburga.lofter.com/post/73f1959c_2b59eb516,https://walburga.lofter.com/,2022-06-03,15,15,15,16,16,16,16,113,0,0,1,0,0,0,1
114,关于《爱与孤独》一些碎碎念,text,司芊,https://cissy51358.lofter.com/post/73d3882e_2b5813344,https://cissy51358.lofter.com/,2022-06-03,5,5,5,5,5,5,5,114,0,0,0,0,0,0,0
115,一个预告,text,沫言demotivation,https://moyandemotivation.lofter.com/post/748c3de2_2b59e3227,https://moyandemotivation.lofter.com/,2022-06-03,11,11,11,11,11,11,11,115,0,0,0,0,0,0,0
116,「ADGG企划Binary star」心塞美食宝藏的故事,text,滥竽充数的白桦,https://zixuqing.lofter.com/post/73e9a0de_2b59d57e0,https://zixuqing.lofter.com/,2022-06-03,11,11,11,11,11,11,11,116,0,0,0,0,0,0,0
117,Speculum imaginis,text,金蝉加得,https://zhonger84482.lofter.com/post/4cc8f23d_2b59dcf7f,https://zhonger84482.lofter.com/,2022-06-03,101,101,101,99,101,101,101,117,0,0,-2,2,0,0,0
118,None,img,想喝奶茶,https://bu167.lofter.com/post/1f454d2c_2b59da369,https://bu167.lofter.com/,2022-06-03,88,90,90,93,93,93,93,118,2,0,3,0,0,0,5
119,【adgg】Devil in me,text,青崖山小龙女,https://andydufresne66959.lofter.com/post/31989391_2b59031f8,https://andydufresne66959.lofter.com/,2022-06-03,67,68,69,70,72,72,72,119,1,1,1,2,0,0,5
120,关于变成格林德沃的样子穿越05,text,嘉德零,https://jiadeling.lofter.com/post/4c949fcb_2b597a5b4,https://jiadeling.lofter.com/,2022-06-03,160,163,167,169,169,171,171,120,3,4,2,0,2,0,11
121,None,img,QwQ（XZ ekelhaft.）,https://qwq7955313.lofter.com/post/73b4e78b_2b59c7a81,https://qwq7955313.lofter.com/,2022-06-03,3,3,3,3,3,3,3,121,0,0,0,0,0,0,0
122,【ADGG】秋雨（端午节快乐！）,text,初夏的风木,https://chuxiadefengmu.lofter.com/post/74443b56_2b59b79b4,https://chuxiadefengmu.lofter.com/,2022-06-02,66,66,66,66,66,66,66,122,0,0,0,0,0,0,0
123,None,img,想喝奶茶,https://bu167.lofter.com/post/1f454d2c_2b59b93ca,https://bu167.lofter.com/,2022-06-02,58,58,58,59,59,60,60,123,0,0,1,0,1,0,2
124,None,img,想喝奶茶,https://bu167.lofter.com/post/1f454d2c_2b59baa70,https://bu167.lofter.com/,2022-06-02,95,95,95,95,95,96,96,124,0,0,0,0,1,0,1
125,adgg-the Genturder（binary star-ADGG端午节企划）,text,千•瓦（格林德沃是我老婆 回复请先看简介）,https://kw26597.lofter.com/post/4b98fd4b_2b594d877,https://kw26597.lofter.com/,2022-06-02,37,38,39,39,40,40,40,125,1,1,0,1,0,0,3
126,【ggadgg】新生时代 03,text,＿阡陌.,https://qianmo37489.lofter.com/post/73d0399b_2b5938a23,https://qianmo37489.lofter.com/,2022-06-02,23,23,24,24,24,24,24,126,0,1,0,0,0,0,1
127,【翻译】糖果与堕落,text,moinmoin,https://moinmoin150.lofter.com/post/1ebe7c87_2b59937b5,https://moinmoin150.lofter.com/,2022-06-02,79,77,78,79,79,79,79,127,-2,1,1,0,0,0,0
128,【adgg】星海（5）,text,初夏的风木,https://chuxiadefengmu.lofter.com/post/74443b56_2b59807f2,https://chuxiadefengmu.lofter.com/,2022-06-01,154,156,160,161,163,167,167,128,2,4,1,2,4,0,13
129,None,img,＿阡陌.,https://qianmo37489.lofter.com/post/73d0399b_2b597ca26,https://qianmo37489.lofter.com/,2022-06-01,43,44,44,44,45,47,47,129,1,0,0,1,2,0,4
130,None,img,moinmoin,https://moinmoin150.lofter.com/post/1ebe7c87_2b5966de3,https://moinmoin150.lofter.com/,2022-06-01,79,79,79,79,79,80,80,130,0,0,0,0,1,0,1
131,关于变成格林德沃的样子穿越04,text,嘉德零,https://jiadeling.lofter.com/post/4c949fcb_2b596dbfc,https://jiadeling.lofter.com/,2022-06-01,161,164,168,169,170,172,172,131,3,4,1,1,2,0,11
132,None,img,moinmoin,https://moinmoin150.lofter.com/post/1ebe7c87_2b596b888,https://moinmoin150.lofter.com/,2022-06-01,91,91,91,90,90,91,91,132,0,0,-1,0,1,0,0
133,GG与gg,text,祁鳞不是麒麟  ⃒⃘⃤,https://m13611146610.lofter.com/post/1f9b1134_2b59625f4,https://m13611146610.lofter.com/,2022-06-01,18,20,20,20,20,20,20,133,2,0,0,0,0,0,2
134,【adgg】星海（4）,text,初夏的风木,https://chuxiadefengmu.lofter.com/post/74443b56_2b5961976,https://chuxiadefengmu.lofter.com/,2022-05-31,158,162,164,164,166,171,171,134,4,2,0,2,5,0,13
135,None,img,moinmoin,https://moinmoin150.lofter.com/post/1ebe7c87_2b5962c66,https://moinmoin150.lofter.com/,2022-05-31,117,118,118,118,118,118,118,135,1,0,0,0,0,0,1
136,Speculum imaginis,text,金蝉加得,https://zhonger84482.lofter.com/post/4cc8f23d_2b595e58d,https://zhonger84482.lofter.com/,2022-05-31,68,68,68,68,70,70,70,136,0,0,0,2,0,0,2
137,【adgg】时过境迁（中）,text,悬铃木,https://platanus-occidentalis-l.lofter.com/post/74b43cf8_2b595a913,https://platanus-occidentalis-l.lofter.com/,2022-05-31,69,69,71,73,73,73,73,137,0,2,2,0,0,0,4
138,None,img,溍丘^,https://aqiujun92011.lofter.com/post/4cdf3376_2b595b780,https://aqiujun92011.lofter.com/,2022-05-31,43,43,43,43,43,43,43,138,0,0,0,0,0,0,0
139,None,img,想喝奶茶,https://bu167.lofter.com/post/1f454d2c_2b5959903,https://bu167.lofter.com/,2022-05-31,22,22,22,22,22,22,22,139,0,0,0,0,0,0,0
140,关于变成格林德沃的样子穿越03,text,嘉德零,https://jiadeling.lofter.com/post/4c949fcb_2b5951979,https://jiadeling.lofter.com/,2022-05-31,173,176,182,189,188,195,195,140,3,6,7,-1,7,0,22
141,None,img,莫寂言YAN,https://shehuinijiyan.lofter.com/post/2047cc25_2b594e71b,https://shehuinijiyan.lofter.com/,2022-05-31,37,37,37,37,37,37,37,141,0,0,0,0,0,0,0
142,None,img,moinmoin,https://moinmoin150.lofter.com/post/1ebe7c87_2b5946af3,https://moinmoin150.lofter.com/,2022-05-31,323,325,331,335,338,341,341,142,2,6,4,3,3,0,18
143,None,img,教授 我来关禁闭了,https://yuan406827.lofter.com/post/7461ede7_2b5945eb0,https://yuan406827.lofter.com/,2022-05-31,35,37,38,38,39,39,39,143,2,1,0,1,0,0,4
144,《∞》2-3,text,多喝白开水,https://2781260535.lofter.com/post/1e0cbc67_2b5940ddd,https://2781260535.lofter.com/,2022-05-30,105,105,106,107,107,111,111,144,0,1,1,0,4,0,6
145,关于变成格林德沃的样子穿越02,text,嘉德零,https://jiadeling.lofter.com/post/4c949fcb_2b592d543,https://jiadeling.lofter.com/,2022-05-30,246,251,261,266,266,275,275,145,5,10,5,0,9,0,29
146,None,img,moinmoin,https://moinmoin150.lofter.com/post/1ebe7c87_2b59237d6,https://moinmoin150.lofter.com/,2022-05-29,95,96,96,96,97,97,97,146,1,0,0,1,0,0,2
147,【adgg】星海（3）,text,初夏的风木,https://chuxiadefengmu.lofter.com/post/74443b56_2b5924a1d,https://chuxiadefengmu.lofter.com/,2022-05-29,161,167,169,169,172,177,177,147,6,2,0,3,5,0,16
148,ADGG|温柔地割开你的颈动脉04,text,c_ass_y,https://anotherpartofthenamecassy.lofter.com/post/1e9d638f_2b5926ad1,https://anotherpartofthenamecassy.lofter.com/,2022-05-29,82,82,82,82,82,82,82,148,0,0,0,0,0,0,0
149,【adgg】时过境迁（上）,text,悬铃木,https://platanus-occidentalis-l.lofter.com/post/74b43cf8_2b5921356,https://platanus-occidentalis-l.lofter.com/,2022-05-29,96,96,97,98,99,100,100,149,0,1,1,1,1,0,4
150,关于变成格林德沃的样子穿越01,text,嘉德零,https://jiadeling.lofter.com/post/4c949fcb_2b591649f,https://jiadeling.lofter.com/,2022-05-29,298,305,313,323,326,336,336,150,7,8,10,3,10,0,38
151,Speculum imaginis,text,金蝉加得,https://zhonger84482.lofter.com/post/4cc8f23d_2b59171df,https://zhonger84482.lofter.com/,2022-05-29,75,75,75,75,77,77,77,151,0,0,0,2,0,0,2
152,练车12,text,moinmoin,https://moinmoin150.lofter.com/post/1ebe7c87_2b5908943,https://moinmoin150.lofter.com/,2022-05-29,70,70,70,72,73,73,73,152,0,0,2,1,0,0,3
153,第二封信,text,Gellert Grindelwald,https://hujuju468.lofter.com/post/30b63a1c_2b58ea37c,https://hujuju468.lofter.com/,2022-05-28,18,18,18,18,18,18,18,153,0,0,0,0,0,0,0
154,还不是时候,text,Albus Dumbledore,https://albus36782.lofter.com/post/74bea3fb_2b58e9f8e,https://albus36782.lofter.com/,2022-05-28,25,25,25,25,25,25,25,154,0,0,0,0,0,0,0
155,None,img,moinmoin,https://moinmoin150.lofter.com/post/1ebe7c87_2b58e133c,https://moinmoin150.lofter.com/,2022-05-28,112,112,113,114,115,115,115,155,0,1,1,1,0,0,3
156,Iðunn,text,金蝉加得,https://zhonger84482.lofter.com/post/4cc8f23d_2b58d81c4,https://zhonger84482.lofter.com/,2022-05-28,96,97,97,97,97,96,96,156,1,0,0,0,-1,0,0
157,None,img,小包一挎,https://shaoyedeqingpingguo40033.lofter.com/post/4cdab2a3_2b5820a11,https://shaoyedeqingpingguo40033.lofter.com/,2022-05-28,122,123,127,127,130,130,130,157,1,4,0,3,0,0,8
158,占tag致歉,text,Bycatch    ⃒⃘⃤,https://walburga.lofter.com/post/73f1959c_2b58cb881,https://walburga.lofter.com/,2022-05-27,6,6,6,6,6,6,6,158,0,0,0,0,0,0,0
159,【adgg】The Death of Rose,text,青崖山小龙女,https://andydufresne66959.lofter.com/post/31989391_2b58a040f,https://andydufresne66959.lofter.com/,2022-05-27,165,167,168,169,169,170,170,159,2,1,1,0,1,0,5
160,【翻译】爱人成双,text,moinmoin,https://moinmoin150.lofter.com/post/1ebe7c87_2b58b8519,https://moinmoin150.lofter.com/,2022-05-27,39,39,39,40,40,40,40,160,0,0,1,0,0,0,1
161,【adgg】星海（2）,text,初夏的风木,https://chuxiadefengmu.lofter.com/post/74443b56_2b58af3b2,https://chuxiadefengmu.lofter.com/,2022-05-26,168,172,175,175,179,184,184,161,4,3,0,4,5,0,16
162,《∞》01,text,多喝白开水,https://2781260535.lofter.com/post/1e0cbc67_2b58b1106,https://2781260535.lofter.com/,2022-05-26,104,109,109,110,111,118,118,162,5,0,1,1,7,0,14
163,Speculum imaginis,text,金蝉加得,https://zhonger84482.lofter.com/post/4cc8f23d_2b58ab409,https://zhonger84482.lofter.com/,2022-05-26,74,74,74,74,76,77,77,163,0,0,0,2,1,0,3
164,【adgg】星海（1）,text,初夏的风木,https://chuxiadefengmu.lofter.com/post/74443b56_2b58912d4,https://chuxiadefengmu.lofter.com/,2022-05-26,209,211,216,217,219,227,227,164,2,5,1,2,8,0,18
165,罗琳关于格邓关系的早期访谈摘录,text,moinmoin,https://moinmoin150.lofter.com/post/1ebe7c87_2b5899ad9,https://moinmoin150.lofter.com/,2022-05-26,596,601,603,607,610,614,614,165,5,2,4,3,4,0,18
166,[hp]从纽蒙迦德开始的黑魔法觉醒（2）,text,Autistic.,https://guigujiu.lofter.com/post/4b73b51a_2b585b81f,https://guigujiu.lofter.com/,2022-05-25,160,163,166,167,169,171,171,166,3,3,1,2,2,0,11
167,Speculum imaginis,text,金蝉加得,https://zhonger84482.lofter.com/post/4cc8f23d_2b58905a4,https://zhonger84482.lofter.com/,2022-05-25,64,64,64,64,66,66,66,167,0,0,0,2,0,0,2
168,【adgg】The Death of Rose,text,青崖山小龙女,https://andydufresne66959.lofter.com/post/31989391_2b586b0e4,https://andydufresne66959.lofter.com/,2022-05-25,175,177,177,177,180,182,182,168,2,0,0,3,2,0,7
169,None,img,moinmoin,https://moinmoin150.lofter.com/post/1ebe7c87_2b587874f,https://moinmoin150.lofter.com/,2022-05-25,396,405,410,416,420,424,424,169,9,5,6,4,4,0,28
170,Choice（番外）,text,初夏的风木,https://chuxiadefengmu.lofter.com/post/74443b56_2b5873a1a,https://chuxiadefengmu.lofter.com/,2022-05-24,211,215,216,216,219,221,221,170,4,1,0,3,2,0,10
171,Iðunn,text,金蝉加得,https://zhonger84482.lofter.com/post/4cc8f23d_2b5872a30,https://zhonger84482.lofter.com/,2022-05-24,87,88,88,88,88,88,88,171,1,0,0,0,0,0,1
172,None,img,裔二娘子,https://yierniangzi.lofter.com/post/20378e9d_2b58613e2,https://yierniangzi.lofter.com/,2022-05-24,801,814,829,838,855,867,867,172,13,15,9,17,12,0,66
173,圣人与妖女,text,瑶妹家的汤圆,https://yuanluoshenfu.lofter.com/post/1e2e0fc2_2b58519a3,https://yuanluoshenfu.lofter.com/,2022-05-23,17,17,17,17,17,17,17,173,0,0,0,0,0,0,0
174,【adgg】The Death of Rose,text,青崖山小龙女,https://andydufresne66959.lofter.com/post/31989391_2b583f4c8,https://andydufresne66959.lofter.com/,2022-05-23,164,166,168,168,170,171,171,174,2,2,0,2,1,0,7
175,Speculum imaginis,text,金蝉加得,https://zhonger84482.lofter.com/post/4cc8f23d_2b583a9b3,https://zhonger84482.lofter.com/,2022-05-22,77,77,77,77,79,79,79,175,0,0,0,2,0,0,2
176,【adgg】The Death of Rose,text,青崖山小龙女,https://andydufresne66959.lofter.com/post/31989391_2b57ff50d,https://andydufresne66959.lofter.com/,2022-05-22,152,155,156,156,157,158,158,176,3,1,0,1,1,0,6
177,【翻译】致友书,text,moinmoin,https://moinmoin150.lofter.com/post/1ebe7c87_2b5824b76,https://moinmoin150.lofter.com/,2022-05-22,318,319,319,320,320,320,320,177,1,0,1,0,0,0,2
178,惊！独家揭秘大战结束真相！,text,啦啦啦种太阳,https://yushengwuguo.lofter.com/post/1fd10182_2b581268c,https://yushengwuguo.lofter.com/,2022-05-22,100,102,102,103,103,104,104,178,2,0,1,0,1,0,4
179,None,img,moinmoin,https://moinmoin150.lofter.com/post/1ebe7c87_2b581679d,https://moinmoin150.lofter.com/,2022-05-22,132,132,132,132,132,132,132,179,0,0,0,0,0,0,0
180,［hp］从纽蒙迦德开始的黑魔法觉醒（1）,text,Autistic.,https://guigujiu.lofter.com/post/4b73b51a_2b575ca1b,https://guigujiu.lofter.com/,2022-05-21,382,389,397,404,409,410,410,180,7,8,7,5,1,0,28
181,占tag致歉,text,Bycatch    ⃒⃘⃤,https://walburga.lofter.com/post/73f1959c_2b57fa1d9,https://walburga.lofter.com/,2022-05-21,8,8,8,8,8,8,8,181,0,0,0,0,0,0,0
182,【GGAD】爱与孤独（11）,text,司芊,https://cissy51358.lofter.com/post/73d3882e_2b57f7ce4,https://cissy51358.lofter.com/,2022-05-21,18,18,18,18,18,18,18,182,0,0,0,0,0,0,0
183,糟糕的一天,text,Albus Dumbledore,https://albus36782.lofter.com/post/74bea3fb_2b57efb8d,https://albus36782.lofter.com/,2022-05-21,41,41,41,41,41,41,41,183,0,0,0,0,0,0,0
184,第一封信,text,Gellert Grindelwald,https://hujuju468.lofter.com/post/30b63a1c_2b57f2191,https://hujuju468.lofter.com/,2022-05-21,27,27,27,27,27,27,27,184,0,0,0,0,0,0,0
185,GGADGG相关认知,text,小时,https://xiaoshi93337.lofter.com/post/4b685dae_2b57e439b,https://xiaoshi93337.lofter.com/,2022-05-20,35,35,35,35,35,35,35,185,0,0,0,0,0,0,0
186,Iðunn,text,金蝉加得,https://zhonger84482.lofter.com/post/4cc8f23d_2b57e224b,https://zhonger84482.lofter.com/,2022-05-21,90,91,91,92,92,92,92,186,1,0,1,0,0,0,2
187,【ggadgg】新生时代 02,text,＿阡陌.,https://qianmo37489.lofter.com/post/73d0399b_2b57e4477,https://qianmo37489.lofter.com/,2022-05-20,43,43,44,44,44,44,44,187,0,1,0,0,0,0,1
188,【adgg】The Death of Rose,text,青崖山小龙女,https://andydufresne66959.lofter.com/post/31989391_2b57ab696,https://andydufresne66959.lofter.com/,2022-05-20,136,139,139,139,139,139,139,188,3,0,0,0,0,0,3
189,【无差】断弦何续【五】,text,Silver Sea,https://silversea886.lofter.com/post/1e1c7e12_2b57de662,https://silversea886.lofter.com/,2022-05-20,72,72,72,72,72,71,71,189,0,0,0,0,-1,0,-1
190,【翻译 | pwp】卑鄙小人,text,moinmoin,https://moinmoin150.lofter.com/post/1ebe7c87_2b57c9a11,https://moinmoin150.lofter.com/,2022-05-20,39,39,39,39,39,39,39,190,0,0,0,0,0,0,0
191,【ADGG】夏日（520献礼~）,text,初夏的风木,https://chuxiadefengmu.lofter.com/post/74443b56_2b57c642a,https://chuxiadefengmu.lofter.com/,2022-05-20,53,53,54,54,54,54,54,191,0,1,0,0,0,0,1
192,None,img,moinmoin,https://moinmoin150.lofter.com/post/1ebe7c87_2b57c26ad,https://moinmoin150.lofter.com/,2022-05-20,17,17,17,17,17,17,17,192,0,0,0,0,0,0,0
193,Iðunn,text,金蝉加得,https://zhonger84482.lofter.com/post/4cc8f23d_2b57b9b30,https://zhonger84482.lofter.com/,2022-05-19,75,78,78,78,78,78,78,193,3,0,0,0,0,0,3
194,【ADGG】红白玫瑰（46）,text,沨森空响,https://banzhujiang.lofter.com/post/1f6abc7b_2b57a46ca,https://banzhujiang.lofter.com/,2022-05-19,85,88,88,88,88,89,89,194,3,0,0,0,1,0,4
195,None,img,moinmoin,https://moinmoin150.lofter.com/post/1ebe7c87_2b5798212,https://moinmoin150.lofter.com/,2022-05-18,159,158,158,158,158,158,158,195,-1,0,0,0,0,0,-1
196,None,img,moinmoin,https://moinmoin150.lofter.com/post/1ebe7c87_2b5797f57,https://moinmoin150.lofter.com/,2022-05-18,265,265,266,266,267,267,267,196,0,1,0,1,0,0,2
197,None,img,moinmoin,https://moinmoin150.lofter.com/post/1ebe7c87_2b5797312,https://moinmoin150.lofter.com/,2022-05-18,210,212,213,213,213,213,213,197,2,1,0,0,0,0,3
198,Iðunn,text,金蝉加得,https://zhonger84482.lofter.com/post/4cc8f23d_2b5795a12,https://zhonger84482.lofter.com/,2022-05-18,84,87,87,87,87,86,86,198,3,0,0,0,-1,0,2
199,【adgg】The Death of Rose,text,青崖山小龙女,https://andydufresne66959.lofter.com/post/31989391_2b578b02e,https://andydufresne66959.lofter.com/,2022-05-18,139,142,142,142,142,142,142,199,3,0,0,0,0,0,3
200,【ADGG】幻梦,text,QwQ（XZ ekelhaft.）,https://qwq7955313.lofter.com/post/73b4e78b_2b577412f,https://qwq7955313.lofter.com/,2022-05-17,27,27,27,27,27,27,27,200,0,0,0,0,0,0,0
201,黎明之前2,text,Bycatch    ⃒⃘⃤,https://walburga.lofter.com/post/73f1959c_2b5765446,https://walburga.lofter.com/,2022-05-17,105,107,107,107,107,107,107,201,2,0,0,0,0,0,2
202,Speculum imaginis,text,金蝉加得,https://zhonger84482.lofter.com/post/4cc8f23d_2b5759ae0,https://zhonger84482.lofter.com/,2022-05-16,77,77,77,77,79,79,79,202,0,0,0,2,0,0,2
203,【ADGG】红白玫瑰（45）,text,沨森空响,https://banzhujiang.lofter.com/post/1f6abc7b_2b574bfff,https://banzhujiang.lofter.com/,2022-05-16,98,101,102,102,102,103,103,203,3,1,0,0,1,0,5
204,【授翻】GGAD之有问必答（4/9）,text,moinmoin,https://moinmoin150.lofter.com/post/1ebe7c87_2b57492df,https://moinmoin150.lofter.com/,2022-05-16,39,39,39,39,39,39,39,204,0,0,0,0,0,0,0
205,当你倾听往事低语,text,Wisteria,https://claudia894.lofter.com/post/30b1872e_2b5745d2f,https://claudia894.lofter.com/,2022-05-16,9,9,9,9,9,9,9,205,0,0,0,0,0,0,0
206,祸根深藏,text,moinmoin,https://moinmoin150.lofter.com/post/1ebe7c87_2b5744826,https://moinmoin150.lofter.com/,2022-05-16,178,182,185,188,189,190,190,206,4,3,3,1,1,0,12
207,Speculum imaginis,text,金蝉加得,https://zhonger84482.lofter.com/post/4cc8f23d_2b5738071,https://zhonger84482.lofter.com/,2022-05-15,70,70,70,70,72,73,73,207,0,0,0,2,1,0,3
208,【ADGG】童养妻盖勒特（二）,text,良烨(刀糖手随时切换),https://sunyiqiantonystark.lofter.com/post/318c314e_2b57274f4,https://sunyiqiantonystark.lofter.com/,2022-05-15,119,120,124,125,126,127,127,208,1,4,1,1,1,0,8
209,【无差】断弦何续【四】,text,Silver Sea,https://silversea886.lofter.com/post/1e1c7e12_2b572f95c,https://silversea886.lofter.com/,2022-05-15,43,43,43,44,44,44,44,209,0,0,1,0,0,0,1
210,【ADGG】囚鸟（四）,text,良烨(刀糖手随时切换),https://sunyiqiantonystark.lofter.com/post/318c314e_2b57003c4,https://sunyiqiantonystark.lofter.com/,2022-05-15,49,50,50,50,50,50,50,210,1,0,0,0,0,0,1
211,【ADGG】童养妻盖勒特（一）,text,良烨(刀糖手随时切换),https://sunyiqiantonystark.lofter.com/post/318c314e_2b571828d,https://sunyiqiantonystark.lofter.com/,2022-05-15,184,185,185,187,188,192,192,211,1,0,2,1,4,0,8
212,None,img,moinmoin,https://moinmoin150.lofter.com/post/1ebe7c87_2b571542a,https://moinmoin150.lofter.com/,2022-05-14,213,214,214,214,214,214,214,212,1,0,0,0,0,0,1
213,【ADGG】红白玫瑰（44）,text,沨森空响,https://banzhujiang.lofter.com/post/1f6abc7b_2b56ffa07,https://banzhujiang.lofter.com/,2022-05-14,106,109,112,112,112,113,113,213,3,3,0,0,1,0,7
214,Iðunn,text,金蝉加得,https://zhonger84482.lofter.com/post/4cc8f23d_2b56f7dc5,https://zhonger84482.lofter.com/,2022-05-14,92,95,95,95,95,95,95,214,3,0,0,0,0,0,3
215,【GGAD】爱与孤独（10）,text,司芊,https://cissy51358.lofter.com/post/73d3882e_2b56b4085,https://cissy51358.lofter.com/,2022-05-13,26,26,26,27,27,27,27,215,0,0,1,0,0,0,1
216,关于阿不福思是怎么“全都看到了”的,text,moinmoin,https://moinmoin150.lofter.com/post/1ebe7c87_2b56cf587,https://moinmoin150.lofter.com/,2022-05-13,109,109,109,109,109,109,109,216,0,0,0,0,0,0,0
217,【ADGG】囚鸟（三）,text,良烨(刀糖手随时切换),https://sunyiqiantonystark.lofter.com/post/318c314e_2b56c8e71,https://sunyiqiantonystark.lofter.com/,2022-05-13,39,39,39,39,39,39,39,217,0,0,0,0,0,0,0
218,【ADGG】如果神奇动物三我来写（生子向）（预吿）,text,女孩喜欢叫17的猫,https://nuhaixihuanjiao17demao.lofter.com/post/7425dc46_2b56bff89,https://nuhaixihuanjiao17demao.lofter.com/,2022-05-12,52,52,52,52,52,52,52,218,0,0,0,0,0,0,0
219,【adgg】The War 一,text,青崖山小龙女,https://andydufresne66959.lofter.com/post/31989391_2b56bdec3,https://andydufresne66959.lofter.com/,2022-05-12,46,46,46,46,46,46,46,219,0,0,0,0,0,0,0
220,【ADGG】囚鸟（二）,text,良烨(刀糖手随时切换),https://sunyiqiantonystark.lofter.com/post/318c314e_2b56b1d43,https://sunyiqiantonystark.lofter.com/,2022-05-12,28,28,28,28,28,28,28,220,0,0,0,0,0,0,0
221,【ADGG】红白玫瑰（43）,text,沨森空响,https://banzhujiang.lofter.com/post/1f6abc7b_2b56bb54e,https://banzhujiang.lofter.com/,2022-05-12,97,100,103,103,103,103,103,221,3,3,0,0,0,0,6
222,【ADGG】囚鸟（一）,text,良烨(刀糖手随时切换),https://sunyiqiantonystark.lofter.com/post/318c314e_2b56a7935,https://sunyiqiantonystark.lofter.com/,2022-05-12,62,63,63,63,63,63,63,222,1,0,0,0,0,0,1
223,【ADGG】红白玫瑰（42）,text,沨森空响,https://banzhujiang.lofter.com/post/1f6abc7b_2b56a4e98,https://banzhujiang.lofter.com/,2022-05-11,75,79,82,82,82,83,83,223,4,3,0,0,1,0,8
224,【adgg（abo设）】Stars alight up my way.,text,Marika,https://xiaokun680.lofter.com/post/30f7f335_2b56a35eb,https://xiaokun680.lofter.com/,2022-05-11,27,27,27,27,27,31,31,224,0,0,0,0,4,0,4
225,【ADGG／GGAD】伴我同行（一）,text,良烨(刀糖手随时切换),https://sunyiqiantonystark.lofter.com/post/318c314e_2b515f45a,https://sunyiqiantonystark.lofter.com/,2022-05-11,22,22,22,22,22,22,22,225,0,0,0,0,0,0,0
226,【adgg】The Death of Rose,text,青崖山小龙女,https://andydufresne66959.lofter.com/post/31989391_2b5639747,https://andydufresne66959.lofter.com/,2022-05-11,185,188,188,188,188,188,188,226,3,0,0,0,0,0,3
227,【无差】断弦何续【三】,text,Silver Sea,https://silversea886.lofter.com/post/1e1c7e12_2b5695e53,https://silversea886.lofter.com/,2022-05-11,56,56,56,56,56,56,56,227,0,0,0,0,0,0,0
228,None,img,A-,https://a536620799.lofter.com/post/744a5794_2b5697b45,https://a536620799.lofter.com/,2022-05-11,33,33,33,33,33,33,33,228,0,0,0,0,0,0,0
229,None,img,想喝奶茶,https://bu167.lofter.com/post/1f454d2c_2b5692ec8,https://bu167.lofter.com/,2022-05-11,47,47,47,47,47,47,47,229,0,0,0,0,0,0,0
230,【授翻】GGAD之有问必答（3/9）,text,moinmoin,https://moinmoin150.lofter.com/post/1ebe7c87_2b569081f,https://moinmoin150.lofter.com/,2022-05-11,33,33,33,33,33,33,33,230,0,0,0,0,0,0,0
231,None,img,小包一挎,https://shaoyedeqingpingguo40033.lofter.com/post/4cdab2a3_2b568640b,https://shaoyedeqingpingguo40033.lofter.com/,2022-05-11,699,699,700,700,701,702,702,231,0,1,0,1,1,0,3
232,【ADGG】红白玫瑰（41）,text,沨森空响,https://banzhujiang.lofter.com/post/1f6abc7b_2b5674fe6,https://banzhujiang.lofter.com/,2022-05-10,78,81,84,84,84,85,85,232,3,3,0,0,1,0,7
233,【无差】断弦何续【二】,text,Silver Sea,https://silversea886.lofter.com/post/1e1c7e12_2b5668fab,https://silversea886.lofter.com/,2022-05-10,60,61,61,61,61,61,61,233,1,0,0,0,0,0,1
234,None,img,山郭酒旗,https://guoyongqiang001.lofter.com/post/74136dcd_2b5659c88,https://guoyongqiang001.lofter.com/,2022-05-09,32,32,32,32,32,32,32,234,0,0,0,0,0,0,0
235,None,img,三头香蕉,https://yueguangxiademoshushi36350.lofter.com/post/4cf48e92_2b5658645,https://yueguangxiademoshushi36350.lofter.com/,2022-05-09,37,37,37,37,37,37,37,235,0,0,0,0,0,0,0
236,【ADGG】红白玫瑰（40）,text,沨森空响,https://banzhujiang.lofter.com/post/1f6abc7b_2b5657256,https://banzhujiang.lofter.com/,2022-05-09,74,75,78,78,78,79,79,236,1,3,0,0,1,0,5
237,【无差】断弦何续【一】,text,Silver Sea,https://silversea886.lofter.com/post/1e1c7e12_2b5654505,https://silversea886.lofter.com/,2022-05-09,50,50,50,50,50,50,50,237,0,0,0,0,0,0,0
238,【无差】断弦何续【预警】,text,Silver Sea,https://silversea886.lofter.com/post/1e1c7e12_2b56553e8,https://silversea886.lofter.com/,2022-05-09,28,28,28,28,28,28,28,238,0,0,0,0,0,0,0
239,Lofter上的GGAD/ADGG扫文整理（3）,text,蒲素,https://pusu806824.lofter.com/post/748b970b_2b5634c67,https://pusu806824.lofter.com/,2022-05-09,117,117,118,118,118,118,118,239,0,1,0,0,0,0,1
240,【ggadgg】新生时代 01,text,＿阡陌.,https://qianmo37489.lofter.com/post/73d0399b_2b55cd61c,https://qianmo37489.lofter.com/,2022-05-08,26,26,26,26,26,26,26,240,0,0,0,0,0,0,0
241,Speculum imaginis,text,金蝉加得,https://zhonger84482.lofter.com/post/4cc8f23d_2b563ec6f,https://zhonger84482.lofter.com/,2022-05-08,87,87,87,87,89,90,90,241,0,0,0,2,1,0,3
242,None,img,Saven_fine,https://savenfine.lofter.com/post/4cda35f8_2b563b616,https://savenfine.lofter.com/,2022-05-08,34,34,34,34,34,34,34,242,0,0,0,0,0,0,0
243,【ADGG】红白玫瑰（39）,text,沨森空响,https://banzhujiang.lofter.com/post/1f6abc7b_2b563333e,https://banzhujiang.lofter.com/,2022-05-08,91,96,97,98,98,100,100,243,5,1,1,0,2,0,9
244,Choice（三）完结撒花~,text,初夏的风木,https://chuxiadefengmu.lofter.com/post/74443b56_2b561b4bd,https://chuxiadefengmu.lofter.com/,2022-05-07,994,1005,1010,1010,1017,1017,1017,244,11,5,0,7,0,0,23
245,【ADGG】繁华落尽【五】,text,Silver Sea,https://silversea886.lofter.com/post/1e1c7e12_2b561d2e4,https://silversea886.lofter.com/,2022-05-07,78,78,79,81,85,86,86,245,0,1,2,4,1,0,8
246,None,img,想喝奶茶,https://bu167.lofter.com/post/1f454d2c_2b561861d,https://bu167.lofter.com/,2022-05-07,934,943,953,976,985,994,994,246,9,10,23,9,9,0,60
247,None,img,挖坑不填真英雄,https://liuxu47795.lofter.com/post/31718543_2b561678b,https://liuxu47795.lofter.com/,2022-05-07,30,30,30,30,30,30,30,247,0,0,0,0,0,0,0
248,Iðunn,text,金蝉加得,https://zhonger84482.lofter.com/post/4cc8f23d_2b561aae6,https://zhonger84482.lofter.com/,2022-05-07,96,99,99,99,99,99,99,248,3,0,0,0,0,0,3
249,臣卜木曹（真假未知,text,千•瓦（格林德沃是我老婆 回复请先看简介）,https://kw26597.lofter.com/post/4b98fd4b_2b560d9a1,https://kw26597.lofter.com/,2022-05-07,29,29,29,29,29,29,29,249,0,0,0,0,0,0,0
250,【ADGG】红白玫瑰（38）,text,沨森空响,https://banzhujiang.lofter.com/post/1f6abc7b_2b560836f,https://banzhujiang.lofter.com/,2022-05-07,71,76,77,77,77,79,79,250,5,1,0,0,2,0,8
251,【授翻】GGAD之有问必答（1/9）,text,moinmoin,https://moinmoin150.lofter.com/post/1ebe7c87_2b55fe124,https://moinmoin150.lofter.com/,2022-05-07,83,83,85,87,87,87,87,251,0,2,2,0,0,0,4
252,None,img,Gx,https://ganle49618.lofter.com/post/4b5991dc_2b55f01ad,https://ganle49618.lofter.com/,2022-05-06,21,21,23,23,23,23,23,252,0,2,0,0,0,0,2
253,如果格林德沃有一个妹妹,text,有苏清颜,https://duchuannai30899.lofter.com/post/4c960dd7_2b55e07e8,https://duchuannai30899.lofter.com/,2022-05-06,18,18,18,18,18,18,18,253,0,0,0,0,0,0,0
254,ADGG|温柔地割开你的颈动脉03,text,c_ass_y,https://anotherpartofthenamecassy.lofter.com/post/1e9d638f_2b55d94b7,https://anotherpartofthenamecassy.lofter.com/,2022-05-05,110,110,110,110,110,110,110,254,0,0,0,0,0,0,0
255,【ADGG】繁华落尽【四】,text,Silver Sea,https://silversea886.lofter.com/post/1e1c7e12_2b55d6766,https://silversea886.lofter.com/,2022-05-05,60,61,61,61,61,61,61,255,1,0,0,0,0,0,1
256,【adgg】The Death of Rose,text,青崖山小龙女,https://andydufresne66959.lofter.com/post/31989391_2b55cc875,https://andydufresne66959.lofter.com/,2022-05-05,144,146,146,146,146,146,146,256,2,0,0,0,0,0,2
257,【ADGG】红白玫瑰（37）,text,沨森空响,https://banzhujiang.lofter.com/post/1f6abc7b_2b55cb47c,https://banzhujiang.lofter.com/,2022-05-05,72,77,78,78,78,79,79,257,5,1,0,0,1,0,7
258,None,img,墨言渡郅,https://kelaiyin28868.lofter.com/post/318e03c4_2b55ca721,https://kelaiyin28868.lofter.com/,2022-05-05,4,4,4,4,4,4,4,258,0,0,0,0,0,0,0
259,求文,text,司芊,https://cissy51358.lofter.com/post/73d3882e_2b55cae2b,https://cissy51358.lofter.com/,2022-05-05,29,29,29,29,29,29,29,259,0,0,0,0,0,0,0
260,None,img,Saven_fine,https://savenfine.lofter.com/post/4cda35f8_2b55c8daa,https://savenfine.lofter.com/,2022-05-05,29,29,29,29,29,29,29,260,0,0,0,0,0,0,0
261,一个关于如果gg死在1945年的决斗中之后的奇葩脑洞,text,一别经年,https://1917131684.lofter.com/post/1d78a8ef_2b55c180c,https://1917131684.lofter.com/,2022-05-05,24,24,24,24,24,24,24,261,0,0,0,0,0,0,0
262,Speculum imaginis,text,金蝉加得,https://zhonger84482.lofter.com/post/4cc8f23d_2b55b4b75,https://zhonger84482.lofter.com/,2022-05-04,66,66,66,66,68,68,68,262,0,0,0,2,0,0,2
263,格林德沃小姐,text,Neville Jane Olanjeuf⃒⃘⃤,https://fanmaihuanghundewenrou.lofter.com/post/4bdd0961_2b55b3cd8,https://fanmaihuanghundewenrou.lofter.com/,2022-05-04,221,221,222,222,236,242,242,263,0,1,0,14,6,0,21
264,None,img,Marika,https://xiaokun680.lofter.com/post/30f7f335_2b55b327e,https://xiaokun680.lofter.com/,2022-05-04,10,10,10,10,10,12,12,264,0,0,0,0,2,0,2
265,〖ADGG〗殁,text,楚阿米,https://chuzizhi.lofter.com/post/2023f526_2b55ad14a,https://chuzizhi.lofter.com/,2022-05-04,310,313,315,315,318,318,318,265,3,2,0,3,0,0,8
266,【ADGG】红白玫瑰（36）,text,沨森空响,https://banzhujiang.lofter.com/post/1f6abc7b_2b55a809b,https://banzhujiang.lofter.com/,2022-05-04,102,107,109,109,109,111,111,266,5,2,0,0,2,0,9
267,Speculum imaginis,text,金蝉加得,https://zhonger84482.lofter.com/post/4cc8f23d_2b5586242,https://zhonger84482.lofter.com/,2022-05-03,89,89,89,89,91,91,91,267,0,0,0,2,0,0,2
268,【ggad】格林德沃的自白,text,纖.Cikey,https://ningmengxiaoying.lofter.com/post/4c62d7eb_2b557dacf,https://ningmengxiaoying.lofter.com/,2022-05-03,12,12,12,13,13,13,13,268,0,0,1,0,0,0,1
269,None,img,姬绾扶。,https://yizui12459.lofter.com/post/4ca62733_2b55775dc,https://yizui12459.lofter.com/,2022-05-03,57,57,57,57,57,57,57,269,0,0,0,0,0,0,0
270,None,img,⭐星枕寒流⭐,https://xingzhenhanliu.lofter.com/post/1ff8a846_2b5574e9f,https://xingzhenhanliu.lofter.com/,2022-05-03,12,12,12,12,12,12,12,270,0,0,0,0,0,0,0
271,None,img,moinmoin,https://moinmoin150.lofter.com/post/1ebe7c87_2b555dea2,https://moinmoin150.lofter.com/,2022-05-03,392,392,395,396,399,401,401,271,0,3,1,3,2,0,9
272,Speculum imaginis,text,金蝉加得,https://zhonger84482.lofter.com/post/4cc8f23d_2b555923c,https://zhonger84482.lofter.com/,2022-05-02,93,93,93,93,95,95,95,272,0,0,0,2,0,0,2
273,【adgg】The Death of Rose,text,青崖山小龙女,https://andydufresne66959.lofter.com/post/31989391_2b55542f1,https://andydufresne66959.lofter.com/,2022-05-02,166,169,169,169,169,169,169,273,3,0,0,0,0,0,3
274,【ADGG】红白玫瑰（35）,text,沨森空响,https://banzhujiang.lofter.com/post/1f6abc7b_2b554db53,https://banzhujiang.lofter.com/,2022-05-02,63,68,69,69,69,71,71,274,5,1,0,0,2,0,8
275,【GGAD】爱与孤独（8）,text,司芊,https://cissy51358.lofter.com/post/73d3882e_2b5548491,https://cissy51358.lofter.com/,2022-05-02,11,11,11,11,11,11,11,275,0,0,0,0,0,0,0
276,［fb3］用作文审题法打开“还有谁会爱你”,text,璃夏Madeleline.,https://shilixiaya90452.lofter.com/post/31993803_2b5541f9f,https://shilixiaya90452.lofter.com/,2022-05-02,15,16,16,16,16,16,16,276,1,0,0,0,0,0,1
277,None,img,纖.Cikey,https://ningmengxiaoying.lofter.com/post/4c62d7eb_2b5541eb4,https://ningmengxiaoying.lofter.com/,2022-05-02,13,13,13,14,14,14,14,277,0,0,1,0,0,0,1
278,None,img,除了我还有谁会爱你？,https://kaitangshoujieke93541.lofter.com/post/7431e818_2b5532aec,https://kaitangshoujieke93541.lofter.com/,2022-05-02,11,11,11,11,11,11,11,278,0,0,0,0,0,0,0
279,记个大概率不填的脑洞,text,夙玉,https://suyu2868.lofter.com/post/1f6096b9_2b5527e4e,https://suyu2868.lofter.com/,2022-05-01,7,7,7,7,7,7,7,279,0,0,0,0,0,0,0
280,Speculum imaginis,text,金蝉加得,https://zhonger84482.lofter.com/post/4cc8f23d_2b5526717,https://zhonger84482.lofter.com/,2022-05-01,87,87,87,87,91,91,91,280,0,0,0,4,0,0,4
281,None,img,纪11,https://munan39168.lofter.com/post/4c315aee_2b5525330,https://munan39168.lofter.com/,2022-05-01,3,3,3,3,3,3,3,281,0,0,0,0,0,0,0
282,【adgg】惩罚啦,text,青崖山小龙女,https://andydufresne66959.lofter.com/post/31989391_2b55241f8,https://andydufresne66959.lofter.com/,2022-05-01,261,261,261,274,281,281,281,282,0,0,13,7,0,0,20
283,【ADGG】红白玫瑰（33，34）,text,沨森空响,https://banzhujiang.lofter.com/post/1f6abc7b_2b551c939,https://banzhujiang.lofter.com/,2022-05-01,73,78,79,79,79,80,80,283,5,1,0,0,1,0,7
284,神奇动物三观后感,text,KAKf,https://kakf5.lofter.com/post/1f5ca4d1_2b551d812,https://kakf5.lofter.com/,2022-05-01,13,13,13,13,13,13,13,284,0,0,0,0,0,0,0
285,None,img,想喝奶茶,https://bu167.lofter.com/post/1f454d2c_2b55155b8,https://bu167.lofter.com/,2022-05-01,73,73,73,73,73,74,74,285,0,0,0,0,1,0,1
286,爱与不爱的漫长告别,text,糖糕糕,https://mushrovom.lofter.com/post/1d512917_2b54f6099,https://mushrovom.lofter.com/,2022-05-01,364,366,368,373,378,378,378,286,2,2,5,5,0,0,14
287,刚看完邓布利多之谜出来,text,马岱拉的海水,https://511610954.lofter.com/post/1d167808_2b54f7d85,https://511610954.lofter.com/,2022-04-30,14,14,14,14,14,14,14,287,0,0,0,0,0,0,0
288,None,img,明月清风,https://bingjiao104.lofter.com/post/30ba4439_2b54f4e87,https://bingjiao104.lofter.com/,2022-04-30,21,21,21,21,21,21,21,288,0,0,0,0,0,0,0
289,Iðunn,text,金蝉加得,https://zhonger84482.lofter.com/post/4cc8f23d_2b54f646f,https://zhonger84482.lofter.com/,2022-04-30,102,103,103,103,103,103,103,289,1,0,0,0,0,0,1
290,【ADGG】红白玫瑰（33）,text,沨森空响,https://banzhujiang.lofter.com/post/1f6abc7b_2b54edef7,https://banzhujiang.lofter.com/,2022-04-30,69,74,75,75,75,78,78,290,5,1,0,0,3,0,9
291,在ad是魔法部部长的那个au中，gg是怎样的呢？,text,秒年岛-相对论,https://secyear.lofter.com/post/1ce05ea9_2b54e54b1,https://secyear.lofter.com/,2022-04-30,15,15,15,15,15,15,15,291,0,0,0,0,0,0,0
292,None,img,纪11,https://munan39168.lofter.com/post/4c315aee_2b54f3572,https://munan39168.lofter.com/,2022-04-30,4,4,4,4,4,4,4,292,0,0,0,0,0,0,0
293,None,img,纪11,https://munan39168.lofter.com/post/4c315aee_2b54f4fe3,https://munan39168.lofter.com/,2022-04-30,12,12,12,12,13,13,13,293,0,0,0,1,0,0,1
294,’Second time around‘,text,Heloise.Grindelwald,https://yunju64466.lofter.com/post/31998fa4_2b54eabe0,https://yunju64466.lofter.com/,2022-04-30,42,42,42,43,45,45,45,294,0,0,1,2,0,0,3
295,【ADGG】红白玫瑰（32）,text,沨森空响,https://banzhujiang.lofter.com/post/1f6abc7b_2b54c285d,https://banzhujiang.lofter.com/,2022-04-29,124,127,128,128,128,129,129,295,3,1,0,0,1,0,5
296,邓布利多坠塔三十秒｜场景十题。,text,姬绾扶。,https://yizui12459.lofter.com/post/4ca62733_2b54c1110,https://yizui12459.lofter.com/,2022-04-29,69,69,69,69,69,69,69,296,0,0,0,0,0,0,0
297,【adgg】The Death of Rose,text,青崖山小龙女,https://andydufresne66959.lofter.com/post/31989391_2b54b454d,https://andydufresne66959.lofter.com/,2022-04-29,188,190,190,191,192,192,192,297,2,0,1,1,0,0,4
298,None,img,阿德加的天狼星,https://9359333868.lofter.com/post/4ba61b7f_2b54ae8f2,https://9359333868.lofter.com/,2022-04-29,8,8,8,8,8,8,8,298,0,0,0,0,0,0,0
299,None,img,姬绾扶。,https://yizui12459.lofter.com/post/4ca62733_2b54ad86b,https://yizui12459.lofter.com/,2022-04-29,18,18,18,18,18,18,18,299,0,0,0,0,0,0,0
300,Iðunn,text,金蝉加得,https://zhonger84482.lofter.com/post/4cc8f23d_2b54a5a21,https://zhonger84482.lofter.com/,2022-04-28,104,105,105,105,105,105,105,300,1,0,0,0,0,0,1
301,【ADGG】繁华落尽【三】,text,Silver Sea,https://silversea886.lofter.com/post/1e1c7e12_2b54a78b6,https://silversea886.lofter.com/,2022-04-28,78,78,78,78,78,79,79,301,0,0,0,0,1,0,1
302,【ADGG】繁华落尽【二】,text,Silver Sea,https://silversea886.lofter.com/post/1e1c7e12_2b54a56f6,https://silversea886.lofter.com/,2022-04-28,95,95,95,95,95,96,96,302,0,0,0,0,1,0,1
303,None,img,Capricornus,https://capricornus07519.lofter.com/post/74738c47_2b549b46d,https://capricornus07519.lofter.com/,2022-04-28,26,26,26,26,26,26,26,303,0,0,0,0,0,0,0
304,【GGAD】爱与孤独（番外）,text,司芊,https://cissy51358.lofter.com/post/73d3882e_2b549a47c,https://cissy51358.lofter.com/,2022-04-28,45,45,45,45,45,45,45,304,0,0,0,0,0,0,0
305,【ADGG】红白玫瑰（31）,text,沨森空响,https://banzhujiang.lofter.com/post/1f6abc7b_2b549a44f,https://banzhujiang.lofter.com/,2022-04-28,110,115,116,116,116,117,117,305,5,1,0,0,1,0,7
306,Choice（二）,text,初夏的风木,https://chuxiadefengmu.lofter.com/post/74443b56_2b548cdb3,https://chuxiadefengmu.lofter.com/,2022-04-28,718,721,724,724,726,726,726,306,3,3,0,2,0,0,8
307,None,img,小包一挎,https://shaoyedeqingpingguo40033.lofter.com/post/4cdab2a3_2b548ef26,https://shaoyedeqingpingguo40033.lofter.com/,2022-04-28,197,197,197,197,197,199,199,307,0,0,0,0,2,0,2
308,None,img,除了我还有谁会爱你？,https://kaitangshoujieke93541.lofter.com/post/7431e818_2b548845e,https://kaitangshoujieke93541.lofter.com/,2022-04-28,13,13,13,13,13,13,13,308,0,0,0,0,0,0,0
309,【adgg】The Death of Rose,text,青崖山小龙女,https://andydufresne66959.lofter.com/post/31989391_2b547fa34,https://andydufresne66959.lofter.com/,2022-04-27,141,143,143,143,143,143,143,309,2,0,0,0,0,0,2
310,【红白玫瑰】（30）,text,沨森空响,https://banzhujiang.lofter.com/post/1f6abc7b_2b54855ff,https://banzhujiang.lofter.com/,2022-04-27,131,137,138,139,139,140,140,310,6,1,1,0,1,0,9
311,【ADGG/ALLGG/P/W/P】海底,text,一只大云朵,https://averyhugecloud.lofter.com/post/1e217956_2b5454d7f,https://averyhugecloud.lofter.com/,2022-04-27,48,48,48,48,48,48,48,311,0,0,0,0,0,0,0
312,None,img,除了我还有谁会爱你？,https://kaitangshoujieke93541.lofter.com/post/7431e818_2b547ce9e,https://kaitangshoujieke93541.lofter.com/,2022-04-27,11,11,11,11,11,11,11,312,0,0,0,0,0,0,0
313,None,img,Omisoka Nenko,https://mochi52885.lofter.com/post/741625e5_2b5465d7d,https://mochi52885.lofter.com/,2022-04-26,30,30,30,30,30,30,30,313,0,0,0,0,0,0,0
314,【adgg】The Death of Rose,text,青崖山小龙女,https://andydufresne66959.lofter.com/post/31989391_2b5461920,https://andydufresne66959.lofter.com/,2022-04-26,129,131,131,131,131,131,131,314,2,0,0,0,0,0,2
315,None,img,青崖山小龙女,https://andydufresne66959.lofter.com/post/31989391_2b545ccda,https://andydufresne66959.lofter.com/,2022-04-26,14,14,14,14,14,14,14,315,0,0,0,0,0,0,0
316,【ADGG】红白玫瑰（二十九）,text,沨森空响,https://banzhujiang.lofter.com/post/1f6abc7b_2b545bccb,https://banzhujiang.lofter.com/,2022-04-26,140,145,147,148,149,151,151,316,5,2,1,1,2,0,11
317,ADGG-群百人福利（虽然还没有真正百人）,text,千•瓦（格林德沃是我老婆 回复请先看简介）,https://kw26597.lofter.com/post/4b98fd4b_2b544f1f3,https://kw26597.lofter.com/,2022-04-26,15,15,16,16,16,16,16,317,0,1,0,0,0,0,1
318,Choice（GG中心）（一）,text,初夏的风木,https://chuxiadefengmu.lofter.com/post/74443b56_2b544b144,https://chuxiadefengmu.lofter.com/,2022-04-25,651,655,658,658,661,661,661,318,4,3,0,3,0,0,10
319,【ADGG】红白玫瑰（二十八）,text,沨森空响,https://banzhujiang.lofter.com/post/1f6abc7b_2b5445cef,https://banzhujiang.lofter.com/,2022-04-25,130,135,136,137,137,139,139,319,5,1,1,0,2,0,9
320,Speculum imaginis,text,金蝉加得,https://zhonger84482.lofter.com/post/4cc8f23d_2b543f011,https://zhonger84482.lofter.com/,2022-04-25,122,122,122,122,124,125,125,320,0,0,0,2,1,0,3
321,求文！,text,Heloise.Grindelwald,https://yunju64466.lofter.com/post/31998fa4_2b543b5d4,https://yunju64466.lofter.com/,2022-04-25,37,37,37,37,38,38,38,321,0,0,0,1,0,0,1
322,问问关于原著的事,text,岚璟楚辽,https://lanjingchuliao895.lofter.com/post/1f529b0a_2b543be3d,https://lanjingchuliao895.lofter.com/,2022-04-25,2,2,2,2,2,2,2,322,0,0,0,0,0,0,0
323,None,img,moinmoin,https://moinmoin150.lofter.com/post/1ebe7c87_2b542ed10,https://moinmoin150.lofter.com/,2022-04-25,819,819,820,820,820,820,820,323,0,1,0,0,0,0,1
324,HP 救世主的舅舅,text,Omisoka Nenko,https://mochi52885.lofter.com/post/741625e5_2b542a93f,https://mochi52885.lofter.com/,2022-04-24,31,31,31,31,31,31,31,324,0,0,0,0,0,0,0
325,【ADGG】红白玫瑰（二十七）,text,沨森空响,https://banzhujiang.lofter.com/post/1f6abc7b_2b542335b,https://banzhujiang.lofter.com/,2022-04-24,144,150,151,152,152,153,153,325,6,1,1,0,1,0,9
326,【GGAD】爱与孤独（7）,text,司芊,https://cissy51358.lofter.com/post/73d3882e_2b5391d87,https://cissy51358.lofter.com/,2022-04-24,22,22,22,22,22,22,22,326,0,0,0,0,0,0,0
327,【ADGG】红白玫瑰（二十六）,text,沨森空响,https://banzhujiang.lofter.com/post/1f6abc7b_2b541f1f8,https://banzhujiang.lofter.com/,2022-04-24,127,132,133,133,134,135,135,327,5,1,0,1,1,0,8
328,【授翻】德姆斯特朗的最佳学生（40.2）,text,moinmoin,https://moinmoin150.lofter.com/post/1ebe7c87_2b54175ac,https://moinmoin150.lofter.com/,2022-04-24,88,88,88,88,89,89,89,328,0,0,0,1,0,0,1
329,None,img,小包一挎,https://shaoyedeqingpingguo40033.lofter.com/post/4cdab2a3_2b540fd11,https://shaoyedeqingpingguo40033.lofter.com/,2022-04-24,236,236,236,236,236,236,236,329,0,0,0,0,0,0,0
330,None,img,moinmoin,https://moinmoin150.lofter.com/post/1ebe7c87_2b540f3f0,https://moinmoin150.lofter.com/,2022-04-24,198,199,199,199,199,199,199,330,1,0,0,0,0,0,1
331,呵呵……不愧是你们,text,冷夕,https://dongfangbubai051.lofter.com/post/1f0e4a58_2b540c315,https://dongfangbubai051.lofter.com/,2022-04-24,18,18,18,18,18,18,18,331,0,0,0,0,0,0,0
332,【ggadgg】新生时代 00,text,＿阡陌.,https://qianmo37489.lofter.com/post/73d0399b_2b540b9c7,https://qianmo37489.lofter.com/,2022-04-23,19,19,19,19,19,19,19,332,0,0,0,0,0,0,0
333,HP 救世主的舅舅,text,Omisoka Nenko,https://mochi52885.lofter.com/post/741625e5_2b5408191,https://mochi52885.lofter.com/,2022-04-23,42,42,42,42,42,42,42,333,0,0,0,0,0,0,0
334,【ADGG】繁华落尽,text,Silver Sea,https://silversea886.lofter.com/post/1e1c7e12_2b540a700,https://silversea886.lofter.com/,2022-04-23,167,171,172,172,173,174,174,334,4,1,0,1,1,0,7
335,None,img,moinmoin,https://moinmoin150.lofter.com/post/1ebe7c87_2b540b94d,https://moinmoin150.lofter.com/,2022-04-23,638,638,638,638,638,638,638,335,0,0,0,0,0,0,0
336,Speculum imaginis,text,金蝉加得,https://zhonger84482.lofter.com/post/4cc8f23d_2b5402be6,https://zhonger84482.lofter.com/,2022-04-23,118,118,118,118,120,120,120,336,0,0,0,2,0,0,2
337,【adgg】The Death of Rose,text,青崖山小龙女,https://andydufresne66959.lofter.com/post/31989391_2b53fd398,https://andydufresne66959.lofter.com/,2022-04-23,119,122,122,122,122,123,123,337,3,0,0,0,1,0,4
338,【ADGG】红白玫瑰（二十五）,text,沨森空响,https://banzhujiang.lofter.com/post/1f6abc7b_2b53f9b1e,https://banzhujiang.lofter.com/,2022-04-23,108,114,115,115,115,116,116,338,6,1,0,0,1,0,8
339,【ADGG】红白玫瑰（二十五）,text,沨森空响,https://banzhujiang.lofter.com/post/1f6abc7b_2b53fda1d,https://banzhujiang.lofter.com/,2022-04-23,76,81,82,82,82,83,83,339,5,1,0,0,1,0,7
340,【ADGG】红白玫瑰（二十五）,text,沨森空响,https://banzhujiang.lofter.com/post/1f6abc7b_2b53fc392,https://banzhujiang.lofter.com/,2022-04-23,81,86,87,87,87,88,88,340,5,1,0,0,1,0,7
341,【ADGG】红白玫瑰（二十五）,text,沨森空响,https://banzhujiang.lofter.com/post/1f6abc7b_2b53fa983,https://banzhujiang.lofter.com/,2022-04-23,89,94,95,95,95,96,96,341,5,1,0,0,1,0,7
342,【GGAD】爱与孤独（6）,text,司芊,https://cissy51358.lofter.com/post/73d3882e_2b5300735,https://cissy51358.lofter.com/,2022-04-23,23,23,23,23,23,23,23,342,0,0,0,0,0,0,0
343,【斯莉】生命的尽头,text,穆然,https://qiantuwuliang21525.lofter.com/post/74093876_2b53e5ea8,https://qiantuwuliang21525.lofter.com/,2022-04-23,48,48,48,48,48,48,48,343,0,0,0,0,0,0,0
344,None,img,moinmoin,https://moinmoin150.lofter.com/post/1ebe7c87_2b53e118a,https://moinmoin150.lofter.com/,2022-04-22,346,346,346,346,346,346,346,344,0,0,0,0,0,0,0
345,【adgg】The Death of Rose,text,青崖山小龙女,https://andydufresne66959.lofter.com/post/31989391_2b53d44c9,https://andydufresne66959.lofter.com/,2022-04-22,129,131,131,131,131,131,131,345,2,0,0,0,0,0,2
346,Enemy,text,打烊,https://dayang03635.lofter.com/post/7470b998_2b53b2339,https://dayang03635.lofter.com/,2022-04-22,81,81,81,81,81,81,81,346,0,0,0,0,0,0,0
347,None,img,电灯泡它亮如白昼,https://hulanhe23476.lofter.com/post/740dfe2d_2b53ce01e,https://hulanhe23476.lofter.com/,2022-04-22,14,14,14,14,14,14,14,347,0,0,0,0,0,0,0
348,【ADGG】红白玫瑰（二十四）,text,沨森空响,https://banzhujiang.lofter.com/post/1f6abc7b_2b53d0f8e,https://banzhujiang.lofter.com/,2022-04-22,81,86,87,87,87,88,88,348,5,1,0,0,1,0,7
349,【adgg】The Death of Rose,text,青崖山小龙女,https://andydufresne66959.lofter.com/post/31989391_2b53c5edc,https://andydufresne66959.lofter.com/,2022-04-22,67,69,69,69,69,69,69,349,2,0,0,0,0,0,2
350,【始终是你尾声】我Vati的祝福,text,moinmoin,https://moinmoin150.lofter.com/post/1ebe7c87_2b53ca2e9,https://moinmoin150.lofter.com/,2022-04-22,114,114,114,115,115,115,115,350,0,0,1,0,0,0,1
351,《世上最短章节》（狗尾）,text,XYan,https://xyans.lofter.com/post/4c54b97f_2b53ca9b8,https://xyans.lofter.com/,2022-04-22,29,29,29,29,29,29,29,351,0,0,0,0,0,0,0
352,〖ADGG〗〖gg中心〗孑,text,楚阿米,https://chuzizhi.lofter.com/post/2023f526_2b53c8e80,https://chuzizhi.lofter.com/,2022-04-22,536,538,542,545,552,556,556,352,2,4,3,7,4,0,20
353,ADGG|温柔地割开你的颈动脉02,text,c_ass_y,https://anotherpartofthenamecassy.lofter.com/post/1e9d638f_2b53bea76,https://anotherpartofthenamecassy.lofter.com/,2022-04-21,110,110,110,110,110,110,110,353,0,0,0,0,0,0,0
354,【adgg】The Death of Rose,text,青崖山小龙女,https://andydufresne66959.lofter.com/post/31989391_2b53b20f8,https://andydufresne66959.lofter.com/,2022-04-21,113,115,115,115,115,117,117,354,2,0,0,0,2,0,4
355,【ADGG】红白玫瑰（二十三）,text,沨森空响,https://banzhujiang.lofter.com/post/1f6abc7b_2b53ad446,https://banzhujiang.lofter.com/,2022-04-21,137,142,143,144,145,148,148,355,5,1,1,1,3,0,11
356,【ADGG】一些脑洞,text,沨森空响,https://banzhujiang.lofter.com/post/1f6abc7b_2b53a79a4,https://banzhujiang.lofter.com/,2022-04-21,16,16,17,17,17,17,17,356,0,1,0,0,0,0,1
357,死期未至,text,moinmoin,https://moinmoin150.lofter.com/post/1ebe7c87_2b53a2fcb,https://moinmoin150.lofter.com/,2022-04-21,136,137,138,138,138,138,138,357,1,1,0,0,0,0,2
358,None,img,想喝奶茶,https://bu167.lofter.com/post/1f454d2c_2b539e3c9,https://bu167.lofter.com/,2022-04-20,116,116,116,117,117,117,117,358,0,0,1,0,0,0,1
359,Iðunn,text,金蝉加得,https://zhonger84482.lofter.com/post/4cc8f23d_2b539c889,https://zhonger84482.lofter.com/,2022-04-20,122,125,125,125,125,125,125,359,3,0,0,0,0,0,3
360,None,img,孜然撒一身,https://rdhmerduohema.lofter.com/post/1f194ced_2b5395b55,https://rdhmerduohema.lofter.com/,2022-04-20,2828,2841,2852,2868,2881,2895,2895,360,13,11,16,13,14,0,67
361,【ADGG】红白玫瑰（二十二）,text,沨森空响,https://banzhujiang.lofter.com/post/1f6abc7b_2b538dc17,https://banzhujiang.lofter.com/,2022-04-20,104,109,110,110,110,111,111,361,5,1,0,0,1,0,7
362,【ADGG】红白玫瑰（二十一）,text,沨森空响,https://banzhujiang.lofter.com/post/1f6abc7b_2b536fd2b,https://banzhujiang.lofter.com/,2022-04-19,153,159,160,162,162,163,163,362,6,1,2,0,1,0,10
363,若非梦境,text,moinmoin,https://moinmoin150.lofter.com/post/1ebe7c87_2b536d566,https://moinmoin150.lofter.com/,2022-04-19,54,53,53,53,53,53,53,363,-1,0,0,0,0,0,-1
364,电影ADGG,text,bellis漫漫,https://bellismanman.lofter.com/post/1eca78f5_2b5360e4a,https://bellismanman.lofter.com/,2022-04-18,12,12,12,12,12,12,12,364,0,0,0,0,0,0,0
365,None,img,想喝奶茶,https://bu167.lofter.com/post/1f454d2c_2b5360a63,https://bu167.lofter.com/,2022-04-18,24,24,24,24,24,24,24,365,0,0,0,0,0,0,0
366,None,img,南尘,https://tingyuluopingxixie.lofter.com/post/31b89ac4_2b535d1f6,https://tingyuluopingxixie.lofter.com/,2022-04-18,1230,1238,1240,1255,1265,1275,1275,366,8,2,15,10,10,0,45
367,None,img,酒武肆叁贰,https://jiuwusisaner.lofter.com/post/1eecce3e_2b535a7c1,https://jiuwusisaner.lofter.com/,2022-04-18,71,71,71,71,71,71,71,367,0,0,0,0,0,0,0
368,GGDM 飞鸟与荆棘14,text,曲酒还行（我和毕设迟早要疯一个）,https://nishuidelanjing.lofter.com/post/1ee93689_2b535c4c7,https://nishuidelanjing.lofter.com/,2022-04-18,72,72,72,72,72,72,72,368,0,0,0,0,0,0,0
369,旁观者,text,纪11,https://munan39168.lofter.com/post/4c315aee_2b53573ad,https://munan39168.lofter.com/,2022-04-18,10,10,10,10,10,10,10,369,0,0,0,0,0,0,0
370,【adgg】The Death of Rose,text,青崖山小龙女,https://andydufresne66959.lofter.com/post/31989391_2b5318b72,https://andydufresne66959.lofter.com/,2022-04-18,130,133,133,133,133,133,133,370,3,0,0,0,0,0,3
371,【ADGG】红白玫瑰（二十）,text,沨森空响,https://banzhujiang.lofter.com/post/1f6abc7b_2b534ef0c,https://banzhujiang.lofter.com/,2022-04-18,145,152,153,153,153,155,155,371,7,1,0,0,2,0,10
372,None,img,沨森空响,https://banzhujiang.lofter.com/post/1f6abc7b_2b534e5b2,https://banzhujiang.lofter.com/,2022-04-18,125,130,131,132,132,133,133,372,5,1,1,0,1,0,8
373,None,img,沨森空响,https://banzhujiang.lofter.com/post/1f6abc7b_2b534cb5e,https://banzhujiang.lofter.com/,2022-04-18,49,50,50,50,50,51,51,373,1,0,0,0,1,0,2
374,【ADGG】红白玫瑰（十九）,text,沨森空响,https://banzhujiang.lofter.com/post/1f6abc7b_2b534e594,https://banzhujiang.lofter.com/,2022-04-18,133,138,139,139,139,141,141,374,5,1,0,0,2,0,8
375,爱情不及逻辑的一半有用,text,夜航,https://westwiththenight2021.lofter.com/post/1f6837ef_2b534b18a,https://westwiththenight2021.lofter.com/,2022-04-18,7,7,7,7,7,7,7,375,0,0,0,0,0,0,0
376,None,img,moinmoin,https://moinmoin150.lofter.com/post/1ebe7c87_2b5346d9c,https://moinmoin150.lofter.com/,2022-04-18,716,716,716,717,717,718,718,376,0,0,1,0,1,0,2
377,None,img,粥粥派派在一起,https://zhouzhoupaipaizaiyiqi.lofter.com/post/4d06b457_2b5343418,https://zhouzhoupaipaizaiyiqi.lofter.com/,2022-04-18,6,6,6,6,6,6,6,377,0,0,0,0,0,0,0
378,Speculum imaginis,text,金蝉加得,https://zhonger84482.lofter.com/post/4cc8f23d_2b5336e2d,https://zhonger84482.lofter.com/,2022-04-17,114,114,114,114,116,116,116,378,0,0,0,2,0,0,2
379,说真的，我是个啥？？？？（占tag致歉）（一年后再看到可能会尴尬死）,text,千•瓦（格林德沃是我老婆 回复请先看简介）,https://kw26597.lofter.com/post/4b98fd4b_2b533920f,https://kw26597.lofter.com/,2022-04-17,31,31,31,31,31,31,31,379,0,0,0,0,0,0,0
380,【ADGG】红白玫瑰（十八）,text,沨森空响,https://banzhujiang.lofter.com/post/1f6abc7b_2b532aab7,https://banzhujiang.lofter.com/,2022-04-17,186,190,191,192,192,194,194,380,4,1,1,0,2,0,8
381,【授翻】德姆斯特朗的最佳学生（40.1）,text,moinmoin,https://moinmoin150.lofter.com/post/1ebe7c87_2b5325571,https://moinmoin150.lofter.com/,2022-04-17,69,71,71,71,71,71,71,381,2,0,0,0,0,0,2
382,【ADGG】红白玫瑰（十七）,text,沨森空响,https://banzhujiang.lofter.com/post/1f6abc7b_2b531d15d,https://banzhujiang.lofter.com/,2022-04-17,133,138,139,140,140,143,143,382,5,1,1,0,3,0,10
383,None,img,moinmoin,https://moinmoin150.lofter.com/post/1ebe7c87_2b5319eed,https://moinmoin150.lofter.com/,2022-04-17,1696,1705,1719,1733,1742,1760,1760,383,9,14,14,9,18,0,64
384,ADGG|温柔地割开你的颈动脉01,text,c_ass_y,https://anotherpartofthenamecassy.lofter.com/post/1e9d638f_2b5309e2a,https://anotherpartofthenamecassy.lofter.com/,2022-04-16,215,215,215,215,215,215,215,384,0,0,0,0,0,0,0
385,【ADGG】红白玫瑰（十六）,text,沨森空响,https://banzhujiang.lofter.com/post/1f6abc7b_2b53037b2,https://banzhujiang.lofter.com/,2022-04-16,194,199,200,201,201,203,203,385,5,1,1,0,2,0,9
386,【GGAD】爱与孤独（5）,text,司芊,https://cissy51358.lofter.com/post/73d3882e_2b52aea0d,https://cissy51358.lofter.com/,2022-04-16,24,24,24,26,26,26,26,386,0,0,2,0,0,0,2
387,None,img,高锥克山谷的萝莉   ⃒⃘⃤,https://gaozhuikeshangudeluoli.lofter.com/post/1f9724ff_2b52fca7a,https://gaozhuikeshangudeluoli.lofter.com/,2022-04-16,334,335,336,339,341,346,346,387,1,1,3,2,5,0,12
388,占tag致歉,text,千•瓦（格林德沃是我老婆 回复请先看简介）,https://kw26597.lofter.com/post/4b98fd4b_2b52fa273,https://kw26597.lofter.com/,2022-04-16,23,23,23,23,23,23,23,388,0,0,0,0,0,0,0
389,三句话,text,Neville Jane Olanjeuf⃒⃘⃤,https://fanmaihuanghundewenrou.lofter.com/post/4bdd0961_2b52f233c,https://fanmaihuanghundewenrou.lofter.com/,2022-04-16,29,29,29,29,29,29,29,389,0,0,0,0,0,0,0
390,None,img,迁居既眠,https://ananjintianyezaibeiqiuqiuanpai.lofter.com/post/204765d5_2b52ed176,https://ananjintianyezaibeiqiuqiuanpai.lofter.com/,2022-04-16,15,15,15,15,15,15,15,390,0,0,0,0,0,0,0
391,[Fantastic Beasts/ADGG]Like a disease.,text,Escapism,https://ainsanguine.lofter.com/post/251a49_2b52e68e2,https://ainsanguine.lofter.com/,2022-04-15,7,7,7,7,7,7,7,391,0,0,0,0,0,0,0
392,[Fantastic Beasts/ADGG]Lots of time,text,Escapism,https://ainsanguine.lofter.com/post/251a49_2b52e7834,https://ainsanguine.lofter.com/,2022-04-15,19,19,19,19,19,19,19,392,0,0,0,0,0,0,0
393,None,img,moinmoin,https://moinmoin150.lofter.com/post/1ebe7c87_2b52e493e,https://moinmoin150.lofter.com/,2022-04-15,349,351,351,351,351,349,349,393,2,0,0,0,-2,0,0
394,【adgg】The Death of Rose,text,青崖山小龙女,https://andydufresne66959.lofter.com/post/31989391_2b52d88a4,https://andydufresne66959.lofter.com/,2022-04-15,165,168,168,168,168,168,168,394,3,0,0,0,0,0,3
395,【ADGG】邀约,text,茶某人,https://chamouren440.lofter.com/post/1fa0321f_2b52d6f01,https://chamouren440.lofter.com/,2022-04-15,61,61,61,61,61,61,61,395,0,0,0,0,0,0,0
396,【ADGG】红白玫瑰（十五）,text,沨森空响,https://banzhujiang.lofter.com/post/1f6abc7b_2b52d4ff2,https://banzhujiang.lofter.com/,2022-04-15,188,191,192,193,193,195,195,396,3,1,1,0,2,0,7
397,None,img,QwQ（XZ ekelhaft.）,https://qwq7955313.lofter.com/post/73b4e78b_2b52ccd70,https://qwq7955313.lofter.com/,2022-04-15,12,12,12,12,12,12,12,397,0,0,0,0,0,0,0
398,None,img,高锰酸钾,https://kkmia999.lofter.com/post/1d780b3f_2b52c1104,https://kkmia999.lofter.com/,2022-04-14,6,6,6,6,6,6,6,398,0,0,0,0,0,0,0
399,【ADGG】红白玫瑰（十四）,text,沨森空响,https://banzhujiang.lofter.com/post/1f6abc7b_2b52ac727,https://banzhujiang.lofter.com/,2022-04-14,184,187,190,191,191,193,193,399,3,3,1,0,2,0,9
400,GGDM 飞鸟与荆棘 12,text,曲酒还行（我和毕设迟早要疯一个）,https://nishuidelanjing.lofter.com/post/1ee93689_2b52ac312,https://nishuidelanjing.lofter.com/,2022-04-14,39,39,39,40,40,40,40,400,0,0,1,0,0,0,1
401,练车11,text,moinmoin,https://moinmoin150.lofter.com/post/1ebe7c87_2b52a8ace,https://moinmoin150.lofter.com/,2022-04-14,245,247,248,252,257,259,259,401,2,1,4,5,2,0,14
402,【GGAD】爱与孤独（4）,text,司芊,https://cissy51358.lofter.com/post/73d3882e_2b521c3a5,https://cissy51358.lofter.com/,2022-04-14,22,22,22,22,22,23,23,402,0,0,0,0,1,0,1
403,None,img,阅后即焚,https://lyfenghuiluzhuan1.lofter.com/post/1d40c748_2b529ae1d,https://lyfenghuiluzhuan1.lofter.com/,2022-04-13,109,109,109,109,109,109,109,403,0,0,0,0,0,0,0
404,Speculum imaginis,text,金蝉加得,https://zhonger84482.lofter.com/post/4cc8f23d_2b529f0bf,https://zhonger84482.lofter.com/,2022-04-13,97,97,98,98,100,100,100,404,0,1,0,2,0,0,3
405,【ADGG】红白玫瑰 （十三）,text,沨森空响,https://banzhujiang.lofter.com/post/1f6abc7b_2b528caa1,https://banzhujiang.lofter.com/,2022-04-13,213,216,217,219,219,223,223,405,3,1,2,0,4,0,10
406,HP 救世主的舅舅,text,Omisoka Nenko,https://mochi52885.lofter.com/post/741625e5_2b527a2b8,https://mochi52885.lofter.com/,2022-04-12,43,43,43,43,43,43,43,406,0,0,0,0,0,0,0
407,HP 救世主的舅舅,text,Omisoka Nenko,https://mochi52885.lofter.com/post/741625e5_2b527e2c8,https://mochi52885.lofter.com/,2022-04-12,40,40,40,40,40,40,40,407,0,0,0,0,0,0,0
408,【adgg】The Death of Rose,text,青崖山小龙女,https://andydufresne66959.lofter.com/post/31989391_2b5276bc4,https://andydufresne66959.lofter.com/,2022-04-12,227,230,230,230,231,231,231,408,3,0,0,1,0,0,4
409,【ADGG】红白玫瑰（十二）,text,沨森空响,https://banzhujiang.lofter.com/post/1f6abc7b_2b526bc26,https://banzhujiang.lofter.com/,2022-04-12,169,171,172,172,173,176,176,409,2,1,0,1,3,0,7
410,灵车往事（预告）,text,挖坑不填真英雄,https://liuxu47795.lofter.com/post/31718543_2b526c634,https://liuxu47795.lofter.com/,2022-04-12,13,13,13,13,13,13,13,410,0,0,0,0,0,0,0
411,一个德国老男人的深夜emo（其实是我的。）,text,易伐檀,https://butingsifan.lofter.com/post/1f9cce2b_2b525a028,https://butingsifan.lofter.com/,2022-04-11,17,17,17,17,17,17,17,411,0,0,0,0,0,0,0
412,【GGAD/ADGG】 扫文推文整理合集(2022.5.14更新),text,初夏的风木,https://chuxiadefengmu.lofter.com/post/74443b56_2b524ab68,https://chuxiadefengmu.lofter.com/,2022-04-11,4229,4242,4255,4261,4268,4285,4285,412,13,13,6,7,17,0,56
413,论怎样用女儿挽回老相好,text,Anna-图兰朵,https://anna-tulanduo.lofter.com/post/1f61c809_2b52528e8,https://anna-tulanduo.lofter.com/,2022-04-11,574,582,592,594,597,603,603,413,8,10,2,3,6,0,29
414,None,img,在任何整活地区提到五丈原都将会被我暗杀,https://cnchazi.lofter.com/post/4b7686b9_2b52545fb,https://cnchazi.lofter.com/,2022-04-11,32,32,32,32,32,32,32,414,0,0,0,0,0,0,0
415,【ADGG】红白玫瑰（十一）,text,沨森空响,https://banzhujiang.lofter.com/post/1f6abc7b_2b524a884,https://banzhujiang.lofter.com/,2022-04-11,188,190,192,192,194,195,195,415,2,2,0,2,1,0,7
416,谁来爱我,text,moinmoin,https://moinmoin150.lofter.com/post/1ebe7c87_2b52451ad,https://moinmoin150.lofter.com/,2022-04-11,205,205,206,206,206,207,207,416,0,1,0,0,1,0,2
417,【GG中心‖ADGG】For the future,text,秦胤,https://sushidelaopo.lofter.com/post/31a45e26_2b523cd82,https://sushidelaopo.lofter.com/,2022-04-11,38,39,40,40,40,41,41,417,1,1,0,0,1,0,3
418,None,img,阅后即焚,https://lyfenghuiluzhuan1.lofter.com/post/1d40c748_2b523ac9b,https://lyfenghuiluzhuan1.lofter.com/,2022-04-10,213,213,213,213,213,213,213,418,0,0,0,0,0,0,0
419,由电影里还有谁会爱你想到的同人文选段,text,瑶妹家的汤圆,https://yuanluoshenfu.lofter.com/post/1e2e0fc2_2b523853b,https://yuanluoshenfu.lofter.com/,2022-04-10,11,11,12,12,12,12,12,419,0,1,0,0,0,0,1
420,Speculum imaginis,text,金蝉加得,https://zhonger84482.lofter.com/post/4cc8f23d_2b523665b,https://zhonger84482.lofter.com/,2022-04-10,99,99,99,99,101,101,101,420,0,0,0,2,0,0,2
421,【ADGG】红白玫瑰（十）,text,沨森空响,https://banzhujiang.lofter.com/post/1f6abc7b_2b522571f,https://banzhujiang.lofter.com/,2022-04-10,179,181,182,182,184,186,186,421,2,1,0,2,2,0,7
422,None,img,QwQ（XZ ekelhaft.）,https://qwq7955313.lofter.com/post/73b4e78b_2b5217f9c,https://qwq7955313.lofter.com/,2022-04-10,36,36,36,36,36,36,36,422,0,0,0,0,0,0,0
423,None,img,阿德加的天狼星,https://9359333868.lofter.com/post/4ba61b7f_2b5218680,https://9359333868.lofter.com/,2022-04-10,21,21,21,21,21,21,21,423,0,0,0,0,0,0,0
424,娇娇格林德沃在线心碎实录,text,阅后即焚,https://lyfenghuiluzhuan1.lofter.com/post/1d40c748_2b52107d2,https://lyfenghuiluzhuan1.lofter.com/,2022-04-09,266,270,274,278,279,280,280,424,4,4,4,1,1,0,14
425,HPⅠADGG 爱情的骗子盖勒特小姐,text,Omisoka Nenko,https://mochi52885.lofter.com/post/741625e5_2b520fd0a,https://mochi52885.lofter.com/,2022-04-09,76,76,76,76,76,76,76,425,0,0,0,0,0,0,0
426,None,img,我想吃頓飽飯,https://augustqingmo.lofter.com/post/1cca77b2_2b520d23e,https://augustqingmo.lofter.com/,2022-04-09,45,45,45,45,45,45,45,426,0,0,0,0,0,0,0
427,【观影体】藏在阴影中的误导（12）,text,淼淼的搞事天堂,https://miaomiaodegaoshitiantang.lofter.com/post/4bad53b2_2b52083dc,https://miaomiaodegaoshitiantang.lofter.com/,2022-04-09,738,738,735,736,730,729,729,427,0,-3,1,-6,-1,0,-9
428,戒指在哪里上吊,text,动物奶油蛋糕,https://lin030.lofter.com/post/1ccaccf9_2b520719c,https://lin030.lofter.com/,2022-04-09,58,58,58,58,59,59,59,428,0,0,0,1,0,0,1
429,None,img,金蝉加得,https://zhonger84482.lofter.com/post/4cc8f23d_2b5207f6f,https://zhonger84482.lofter.com/,2022-04-09,100,103,103,103,103,103,103,429,3,0,0,0,0,0,3
430,【ADGG】红白玫瑰（九）,text,沨森空响,https://banzhujiang.lofter.com/post/1f6abc7b_2b51fd4a9,https://banzhujiang.lofter.com/,2022-04-09,180,182,183,184,184,185,185,430,2,1,1,0,1,0,5
431,《LEAVE》（纽特视角 ）,text,车厘,https://23391965.lofter.com/post/2050634d_2b51fb89a,https://23391965.lofter.com/,2022-04-09,37,37,37,37,37,37,37,431,0,0,0,0,0,0,0
432,None,img,高锥克山谷的萝莉   ⃒⃘⃤,https://gaozhuikeshangudeluoli.lofter.com/post/1f9724ff_2b51eff60,https://gaozhuikeshangudeluoli.lofter.com/,2022-04-09,120,120,120,120,120,120,120,432,0,0,0,0,0,0,0
433,谁来爱你,text,moinmoin,https://moinmoin150.lofter.com/post/1ebe7c87_2b51f14b4,https://moinmoin150.lofter.com/,2022-04-09,323,325,327,327,327,327,327,433,2,2,0,0,0,0,4
434,None,img,H桑,https://1617923464.lofter.com/post/1d0c9020_2b51ee322,https://1617923464.lofter.com/,2022-04-09,9,9,9,9,9,9,9,434,0,0,0,0,0,0,0
435,【GG中心‖ADGG】For the future,text,秦胤,https://sushidelaopo.lofter.com/post/31a45e26_2b51e61c1,https://sushidelaopo.lofter.com/,2022-04-08,54,55,55,55,55,55,55,435,1,0,0,0,0,0,1
436,【adgg】The Death of Rose,text,青崖山小龙女,https://andydufresne66959.lofter.com/post/31989391_2b51e3cf2,https://andydufresne66959.lofter.com/,2022-04-08,139,141,141,141,142,143,143,436,2,0,0,1,1,0,4
437,None,img,X团,https://xtuan578.lofter.com/post/20475d0a_2b51e2601,https://xtuan578.lofter.com/,2022-04-08,10,10,10,10,10,10,10,437,0,0,0,0,0,0,0
438,【神奇动物去哪里】（part 3）,text,廿七（暂时下线）,https://kongyuanyeyan.lofter.com/post/1ea0b290_2b51dae8b,https://kongyuanyeyan.lofter.com/,2022-04-08,9,9,9,9,9,9,9,438,0,0,0,0,0,0,0
439,None,img,阿德加的天狼星,https://9359333868.lofter.com/post/4ba61b7f_2b51b38ef,https://9359333868.lofter.com/,2022-04-08,69,69,69,69,69,69,69,439,0,0,0,0,0,0,0
440,【ADGG】红白玫瑰（八）,text,沨森空响,https://banzhujiang.lofter.com/post/1f6abc7b_2b51d3e87,https://banzhujiang.lofter.com/,2022-04-08,238,240,241,244,244,247,247,440,2,1,3,0,3,0,9
441,没错，又是碎碎念,text,车厘,https://23391965.lofter.com/post/2050634d_2b51d39a2,https://23391965.lofter.com/,2022-04-08,9,9,9,9,9,9,9,441,0,0,0,0,0,0,0
442,None,img,moinmoin,https://moinmoin150.lofter.com/post/1ebe7c87_2b51c97f0,https://moinmoin150.lofter.com/,2022-04-08,1296,1298,1301,1303,1304,1306,1306,442,2,3,2,1,2,0,10
443,Speculum imaginis,text,金蝉加得,https://zhonger84482.lofter.com/post/4cc8f23d_2b51bae22,https://zhonger84482.lofter.com/,2022-04-07,121,121,121,121,123,123,123,443,0,0,0,2,0,0,2
444,【ADGG】红白玫瑰（七）,text,沨森空响,https://banzhujiang.lofter.com/post/1f6abc7b_2b51aacbd,https://banzhujiang.lofter.com/,2022-04-07,198,200,201,204,204,206,206,444,2,1,3,0,2,0,8
445,None,img,moinmoin,https://moinmoin150.lofter.com/post/1ebe7c87_2b51ad631,https://moinmoin150.lofter.com/,2022-04-07,68,68,69,69,69,69,69,445,0,1,0,0,0,0,1
446,【ggad/adgg】破碎家庭难圆实录 （完结）,text,TWLUNA,https://ichwhite.lofter.com/post/31d4be8f_2b51a5e1a,https://ichwhite.lofter.com/,2022-04-07,245,246,248,248,248,249,249,446,1,2,0,0,1,0,4
447,adgg 翼,text,千•瓦（格林德沃是我老婆 回复请先看简介）,https://kw26597.lofter.com/post/4b98fd4b_2b51a19bf,https://kw26597.lofter.com/,2022-04-07,130,130,131,131,131,131,131,447,0,1,0,0,0,0,1
448,【ADGG】红白玫瑰（六）,text,沨森空响,https://banzhujiang.lofter.com/post/1f6abc7b_2b518b6d0,https://banzhujiang.lofter.com/,2022-04-06,179,181,182,185,185,191,191,448,2,1,3,0,6,0,12
449,A Little Death,text,moinmoin,https://moinmoin150.lofter.com/post/1ebe7c87_2b5185633,https://moinmoin150.lofter.com/,2022-04-06,47,47,47,47,47,47,47,449,0,0,0,0,0,0,0
450,【adgg】The Death of Rose,text,青崖山小龙女,https://andydufresne66959.lofter.com/post/31989391_2b5153f21,https://andydufresne66959.lofter.com/,2022-04-05,196,198,198,199,200,201,201,450,2,0,1,1,1,0,5
451,【ADGG】红白玫瑰（五）,text,沨森空响,https://banzhujiang.lofter.com/post/1f6abc7b_2b516bfbc,https://banzhujiang.lofter.com/,2022-04-05,180,182,182,184,185,188,188,451,2,0,2,1,3,0,8
452,漫长的告别,text,霍尔,https://hallspin.lofter.com/post/31026cc4_2b51693be,https://hallspin.lofter.com/,2022-04-05,391,394,395,399,400,401,401,452,3,1,4,1,1,0,10
453,【ADGG】红白玫瑰（四）,text,沨森空响,https://banzhujiang.lofter.com/post/1f6abc7b_2b515b4df,https://banzhujiang.lofter.com/,2022-04-05,224,227,228,231,232,236,236,453,3,1,3,1,4,0,12
454,【ggad／adgg】伴我同行（序）,text,良烨(刀糖手随时切换),https://sunyiqiantonystark.lofter.com/post/318c314e_2b51540e6,https://sunyiqiantonystark.lofter.com/,2022-04-05,16,16,16,16,16,16,16,454,0,0,0,0,0,0,0
455,【ADGG】红白玫瑰（三）,text,沨森空响,https://banzhujiang.lofter.com/post/1f6abc7b_2b5143389,https://banzhujiang.lofter.com/,2022-04-04,228,231,232,235,236,237,237,455,3,1,3,1,1,0,9
456,Speculum imaginis,text,金蝉加得,https://zhonger84482.lofter.com/post/4cc8f23d_2b513e3ee,https://zhonger84482.lofter.com/,2022-04-04,150,150,150,150,152,153,153,456,0,0,0,2,1,0,3
457,【ADGG】红白玫瑰,text,沨森空响,https://banzhujiang.lofter.com/post/1f6abc7b_2b512f981,https://banzhujiang.lofter.com/,2022-04-04,226,226,227,231,232,236,236,457,0,1,4,1,4,0,10
458,《高塔以后》（老邓视角）,text,车厘,https://23391965.lofter.com/post/2050634d_2b5136b4e,https://23391965.lofter.com/,2022-04-04,34,35,35,35,35,35,35,458,1,0,0,0,0,0,1
459,【ADGG】红白玫瑰2,text,沨森空响,https://banzhujiang.lofter.com/post/1f6abc7b_2b5110941,https://banzhujiang.lofter.com/,2022-04-04,180,183,184,186,187,190,190,459,3,1,2,1,3,0,10
460,【adgg】The Death of Rose,text,青崖山小龙女,https://andydufresne66959.lofter.com/post/31989391_2b5113d32,https://andydufresne66959.lofter.com/,2022-04-03,238,241,241,241,241,242,242,460,3,0,0,0,1,0,4
461,【ADGG】红白玫瑰（一）,text,沨森空响,https://banzhujiang.lofter.com/post/1f6abc7b_2b510abc2,https://banzhujiang.lofter.com/,2022-04-03,465,467,469,474,476,482,482,461,2,2,5,2,6,0,17
462,None,img,茶某人,https://chamouren440.lofter.com/post/1fa0321f_2b5106920,https://chamouren440.lofter.com/,2022-04-03,46,46,46,46,46,46,46,462,0,0,0,0,0,0,0
463,ADGG Auxiliary author,text,千•瓦（格林德沃是我老婆 回复请先看简介）,https://kw26597.lofter.com/post/4b98fd4b_2b50f9c0f,https://kw26597.lofter.com/,2022-04-02,49,49,50,50,50,50,50,463,0,1,0,0,0,0,1
464,Iðunn,text,金蝉加得,https://zhonger84482.lofter.com/post/4cc8f23d_2b50f6ecd,https://zhonger84482.lofter.com/,2022-04-02,114,117,117,117,117,117,117,464,3,0,0,0,0,0,3
465,None,img,高锥克山谷的萝莉   ⃒⃘⃤,https://gaozhuikeshangudeluoli.lofter.com/post/1f9724ff_2b50f2028,https://gaozhuikeshangudeluoli.lofter.com/,2022-04-02,76,76,76,76,76,76,76,465,0,0,0,0,0,0,0
466,None,img,纽特是我妈,https://tong780059.lofter.com/post/4d1abc3e_2b50cb2bd,https://tong780059.lofter.com/,2022-04-01,578,578,578,578,578,578,578,466,0,0,0,0,0,0,0
467,［ADGG］盖勒特，别离开我,text,Heloise.Grindelwald,https://yunju64466.lofter.com/post/31998fa4_2b50c85cb,https://yunju64466.lofter.com/,2022-04-01,202,202,202,204,204,204,204,467,0,0,2,0,0,0,2
468,None,img,石墨烯米露,https://toyboys.lofter.com/post/1d4dae1f_2b50c958b,https://toyboys.lofter.com/,2022-04-01,18,18,18,18,19,19,19,468,0,0,0,1,0,0,1
469,None,img,阿德加的天狼星,https://9359333868.lofter.com/post/4ba61b7f_2b4fbbbe1,https://9359333868.lofter.com/,2022-04-01,50,50,50,50,50,50,50,469,0,0,0,0,0,0,0
470,【ggad/adgg】破碎家庭难圆实录9,text,TWLUNA,https://ichwhite.lofter.com/post/31d4be8f_2b50bb5e0,https://ichwhite.lofter.com/,2022-04-01,158,158,160,160,160,161,161,470,0,2,0,0,1,0,3
471,Speculum imaginis,text,金蝉加得,https://zhonger84482.lofter.com/post/4cc8f23d_2b50b2b9d,https://zhonger84482.lofter.com/,2022-03-31,126,126,126,126,128,128,128,471,0,0,0,2,0,0,2
472,【adgg】The Death of Rose,text,青崖山小龙女,https://andydufresne66959.lofter.com/post/31989391_2b508946d,https://andydufresne66959.lofter.com/,2022-03-31,196,198,198,198,198,199,199,472,2,0,0,0,1,0,3
473,None,img,阿翎陛下,https://jianggeling.lofter.com/post/1d5e9a8b_2b509139c,https://jianggeling.lofter.com/,2022-03-30,64,64,64,64,64,64,64,473,0,0,0,0,0,0,0
474,［hp观影］终将聚首,text,Heloise.Grindelwald,https://yunju64466.lofter.com/post/31998fa4_2b50882b8,https://yunju64466.lofter.com/,2022-03-30,68,68,68,68,68,68,68,474,0,0,0,0,0,0,0
475,【ggad/adgg】破碎家庭难圆实录 8,text,TWLUNA,https://ichwhite.lofter.com/post/31d4be8f_2b5080152,https://ichwhite.lofter.com/,2022-03-30,195,195,196,196,196,197,197,475,0,1,0,0,1,0,2
476,【ADgg】练车10,text,moinmoin,https://moinmoin150.lofter.com/post/1ebe7c87_2b507c1e7,https://moinmoin150.lofter.com/,2022-03-30,222,223,224,226,226,229,229,476,1,1,2,0,3,0,7
477,关于ggad大战的一些小想法,text,司芊,https://cissy51358.lofter.com/post/73d3882e_2b507f57b,https://cissy51358.lofter.com/,2022-03-30,20,21,21,21,21,21,21,477,1,0,0,0,0,0,1
478,【adgg】The Death of Rose,text,青崖山小龙女,https://andydufresne66959.lofter.com/post/31989391_2b503723c,https://andydufresne66959.lofter.com/,2022-03-29,195,197,197,197,198,199,199,478,2,0,0,1,1,0,4
479,None,img,秋见遗憾.,https://guanzhuang98255.lofter.com/post/4c982a69_2b505997e,https://guanzhuang98255.lofter.com/,2022-03-29,756,757,757,758,759,759,759,479,1,0,1,1,0,0,3
480,Speculum imaginis,text,金蝉加得,https://zhonger84482.lofter.com/post/4cc8f23d_2b5052ae9,https://zhonger84482.lofter.com/,2022-03-28,121,121,121,121,123,123,123,480,0,0,0,2,0,0,2
481,Iðunn,text,金蝉加得,https://zhonger84482.lofter.com/post/4cc8f23d_2b5007c3d,https://zhonger84482.lofter.com/,2022-03-26,128,131,131,131,132,132,132,481,3,0,0,1,0,0,4
482,【adgg】The Death of Rose,text,青崖山小龙女,https://andydufresne66959.lofter.com/post/31989391_2b4fe843a,https://andydufresne66959.lofter.com/,2022-03-26,223,225,225,225,226,227,227,482,2,0,0,1,1,0,4
483,救世主格林德沃番外：复婚,text,moinmoin,https://moinmoin150.lofter.com/post/1ebe7c87_2b4ff0cac,https://moinmoin150.lofter.com/,2022-03-26,326,327,328,328,328,330,330,483,1,1,0,0,2,0,4
484,Iðunn,text,金蝉加得,https://zhonger84482.lofter.com/post/4cc8f23d_2b4fdbe14,https://zhonger84482.lofter.com/,2022-03-25,120,123,123,123,123,123,123,484,3,0,0,0,0,0,3
485,仿生盖勒特会梦见电子阿不思吗（下）,text,TWLUNA,https://ichwhite.lofter.com/post/31d4be8f_2b4fd6cbc,https://ichwhite.lofter.com/,2022-03-25,21,21,21,21,21,21,21,485,0,0,0,0,0,0,0
486,ADgg 三强争霸赛与愚人节“礼物”,text,千•瓦（格林德沃是我老婆 回复请先看简介）,https://kw26597.lofter.com/post/4b98fd4b_2b4fd29f6,https://kw26597.lofter.com/,2022-03-25,78,78,78,79,79,79,79,486,0,0,1,0,0,0,1
487,球球adgg的文🤣,text,止昭,https://zhizhao13756.lofter.com/post/32177ce3_2b4fcbb3c,https://zhizhao13756.lofter.com/,2022-03-25,46,46,46,46,46,46,46,487,0,0,0,0,0,0,0
488,〖ADGG〗〖GG中心向〗至死不渝,text,楚阿米,https://chuzizhi.lofter.com/post/2023f526_2b4fc403b,https://chuzizhi.lofter.com/,2022-03-25,391,397,397,401,402,410,410,488,6,0,4,1,8,0,19
489,【adgg】The Death of Rose,text,青崖山小龙女,https://andydufresne66959.lofter.com/post/31989391_2b4fbade4,https://andydufresne66959.lofter.com/,2022-03-25,319,324,324,325,326,328,328,489,5,0,1,1,2,0,9
490,Iðunn,text,金蝉加得,https://zhonger84482.lofter.com/post/4cc8f23d_2b4fb78dc,https://zhonger84482.lofter.com/,2022-03-24,113,116,116,116,116,118,118,490,3,0,0,0,2,0,5
491,【adgg】The Death of Rose,text,青崖山小龙女,https://andydufresne66959.lofter.com/post/31989391_2b4fac30c,https://andydufresne66959.lofter.com/,2022-03-24,346,351,351,355,356,357,357,491,5,0,4,1,1,0,11
492,Speculum imaginis,text,金蝉加得,https://zhonger84482.lofter.com/post/4cc8f23d_2b4f98ed0,https://zhonger84482.lofter.com/,2022-03-23,116,116,116,116,118,118,118,492,0,0,0,2,0,0,2
493,Speculum imaginis,text,金蝉加得,https://zhonger84482.lofter.com/post/4cc8f23d_2b4f785a8,https://zhonger84482.lofter.com/,2022-03-22,115,115,115,115,117,117,117,493,0,0,0,2,0,0,2
494,ad三次方gg 夏日,text,千•瓦（格林德沃是我老婆 回复请先看简介）,https://kw26597.lofter.com/post/4b98fd4b_2b4f786c7,https://kw26597.lofter.com/,2022-03-22,7,7,7,7,7,7,7,494,0,0,0,0,0,0,0
495,ADGG/NSGG豆丁奶盖驯养指南 第一章（本章主adgg）,text,千•瓦（格林德沃是我老婆 回复请先看简介）,https://kw26597.lofter.com/post/4b98fd4b_2b4f64023,https://kw26597.lofter.com/,2022-03-22,10,10,10,10,10,10,10,495,0,0,0,0,0,0,0
496,allgg dissatisfaction 5～18,text,千•瓦（格林德沃是我老婆 回复请先看简介）,https://kw26597.lofter.com/post/4b98fd4b_2b4f5cc04,https://kw26597.lofter.com/,2022-03-22,85,85,85,86,86,86,86,496,0,0,1,0,0,0,1
497,〖GGAD/ADGG〗就此长眠,text,楚阿米,https://chuzizhi.lofter.com/post/2023f526_2b4f5a8a5,https://chuzizhi.lofter.com/,2022-03-21,252,253,256,258,261,264,264,497,1,3,2,3,3,0,12
498,Iðunn,text,金蝉加得,https://zhonger84482.lofter.com/post/4cc8f23d_2b4f58d1f,https://zhonger84482.lofter.com/,2022-03-21,123,126,126,127,127,129,129,498,3,0,1,0,2,0,6
499,记梦-先知、预视者与预言家,text,千•瓦（格林德沃是我老婆 回复请先看简介）,https://kw26597.lofter.com/post/4b98fd4b_2b4f4acfc,https://kw26597.lofter.com/,2022-03-21,10,10,10,10,10,10,10,499,0,0,0,0,0,0,0
500,Speculum imaginis,text,金蝉加得,https://zhonger84482.lofter.com/post/4cc8f23d_2b4f38df3,https://zhonger84482.lofter.com/,2022-03-20,121,121,121,121,123,123,123,500,0,0,0,2,0,0,2
501,我嗑的CP逆了,text,电灯泡它亮如白昼,https://hulanhe23476.lofter.com/post/740dfe2d_2b4f1bc1a,https://hulanhe23476.lofter.com/,2022-03-20,39,39,39,39,39,39,39,501,0,0,0,0,0,0,0
502,一日迷情,text,moinmoin,https://moinmoin150.lofter.com/post/1ebe7c87_2b4f130ee,https://moinmoin150.lofter.com/,2022-03-19,92,92,93,93,93,93,93,502,0,1,0,0,0,0,1
503,allgg dissatisfaction1～4,text,千•瓦（格林德沃是我老婆 回复请先看简介）,https://kw26597.lofter.com/post/4b98fd4b_2b4f0f23d,https://kw26597.lofter.com/,2022-03-19,80,80,80,80,80,80,80,503,0,0,0,0,0,0,0
504,Speculum imaginis,text,金蝉加得,https://zhonger84482.lofter.com/post/4cc8f23d_2b4f12df6,https://zhonger84482.lofter.com/,2022-03-19,121,121,121,121,123,123,123,504,0,0,0,2,0,0,2
505,香酥玫瑰-3,text,卿卿子鲸,https://qingqingzijing837.lofter.com/post/1faab3da_2b4f0c6ef,https://qingqingzijing837.lofter.com/,2022-03-19,13,13,13,13,13,13,13,505,0,0,0,0,0,0,0
506,None,img,Neville Jane Olanjeuf⃒⃘⃤,https://fanmaihuanghundewenrou.lofter.com/post/4bdd0961_2b4efd7b9,https://fanmaihuanghundewenrou.lofter.com/,2022-03-19,11,11,11,11,11,11,11,506,0,0,0,0,0,0,0
507,【ADGG/GGAD】骑蓝摩托车的校长,text,阿诗儿,https://s-sarai.lofter.com/post/1dd1c726_2b4ef8254,https://s-sarai.lofter.com/,2022-03-19,39,39,39,39,39,39,39,507,0,0,0,0,0,0,0
508,Iðunn,text,金蝉加得,https://zhonger84482.lofter.com/post/4cc8f23d_2b4ee7112,https://zhonger84482.lofter.com/,2022-03-18,148,151,151,151,151,153,153,508,3,0,0,0,2,0,5
509,脑洞-邓布利多爸爸很酷好不好,text,高锥克山谷的萝莉   ⃒⃘⃤,https://gaozhuikeshangudeluoli.lofter.com/post/1f9724ff_2b4ee334c,https://gaozhuikeshangudeluoli.lofter.com/,2022-03-18,33,33,33,33,33,33,33,509,0,0,0,0,0,0,0
510,None,img,呵呵,https://1296535481.lofter.com/post/1dcfde54_2b4ed7e6d,https://1296535481.lofter.com/,2022-03-18,90,90,90,90,90,90,90,510,0,0,0,0,0,0,0
511,None,img,呵呵,https://1296535481.lofter.com/post/1dcfde54_2b4ed910b,https://1296535481.lofter.com/,2022-03-18,86,86,87,87,87,87,87,511,0,1,0,0,0,0,1
512,【GGAD/ADGG无差】,text,番茄今天喝咖啡了吗？,https://atomatowithcoffee.lofter.com/post/743c709d_2b4ed0432,https://atomatowithcoffee.lofter.com/,2022-03-18,13,13,13,13,13,13,13,512,0,0,0,0,0,0,0
513,Speculum imaginis,text,金蝉加得,https://zhonger84482.lofter.com/post/4cc8f23d_2b4ec774d,https://zhonger84482.lofter.com/,2022-03-17,120,120,120,120,122,122,122,513,0,0,0,2,0,0,2
514,【GGAD/ADGG】百年孤独,text,阿诗儿,https://s-sarai.lofter.com/post/1dd1c726_2b4eb562a,https://s-sarai.lofter.com/,2022-03-17,63,63,63,63,63,63,63,514,0,0,0,0,0,0,0
515,None,img,高锥克山谷的萝莉   ⃒⃘⃤,https://gaozhuikeshangudeluoli.lofter.com/post/1f9724ff_2b4e9815f,https://gaozhuikeshangudeluoli.lofter.com/,2022-03-16,146,146,146,146,146,146,146,515,0,0,0,0,0,0,0
516,Speculum imaginis,text,金蝉加得,https://zhonger84482.lofter.com/post/4cc8f23d_2b4e8bf2a,https://zhonger84482.lofter.com/,2022-03-15,131,131,131,131,133,134,134,516,0,0,0,2,1,0,3
517,Iðunn,text,金蝉加得,https://zhonger84482.lofter.com/post/4cc8f23d_2b4e6cc68,https://zhonger84482.lofter.com/,2022-03-14,149,153,153,153,153,153,153,517,4,0,0,0,0,0,4
518,脑洞-监狱伙伴 jail pals,text,高锥克山谷的萝莉   ⃒⃘⃤,https://gaozhuikeshangudeluoli.lofter.com/post/1f9724ff_2b4e63d47,https://gaozhuikeshangudeluoli.lofter.com/,2022-03-14,35,35,35,35,35,35,35,518,0,0,0,0,0,0,0
519,None,img,高锥克山谷的萝莉   ⃒⃘⃤,https://gaozhuikeshangudeluoli.lofter.com/post/1f9724ff_2b4e5e762,https://gaozhuikeshangudeluoli.lofter.com/,2022-03-14,72,72,72,72,72,72,72,519,0,0,0,0,0,0,0
520,脑洞-文达.格林德沃.邓布利多,text,高锥克山谷的萝莉   ⃒⃘⃤,https://gaozhuikeshangudeluoli.lofter.com/post/1f9724ff_2b4e4ddd3,https://gaozhuikeshangudeluoli.lofter.com/,2022-03-13,64,64,64,64,64,64,64,520,0,0,0,0,0,0,0
521,青史之外,text,棹湖溪,https://zhao-huxi.lofter.com/post/1d04c1a8_2b4e49238,https://zhao-huxi.lofter.com/,2022-03-13,27,27,27,27,27,27,27,521,0,0,0,0,0,0,0
522,Iðunn,text,金蝉加得,https://zhonger84482.lofter.com/post/4cc8f23d_2b4e45709,https://zhonger84482.lofter.com/,2022-03-13,113,113,113,113,113,114,114,522,0,0,0,0,1,0,1
523,【ADGG】第一章 战败,text,温肆,https://nishirenjianjinghongke81301.lofter.com/post/31d4b633_2b4e37eff,https://nishirenjianjinghongke81301.lofter.com/,2022-03-13,406,407,410,415,420,426,426,523,1,3,5,5,6,0,20
524,【ggadgg】你不值得一张好床,text,TWLUNA,https://ichwhite.lofter.com/post/31d4be8f_2b4e3c1eb,https://ichwhite.lofter.com/,2022-03-13,82,82,82,82,82,82,82,524,0,0,0,0,0,0,0
525,黎明之前,text,Bycatch    ⃒⃘⃤,https://walburga.lofter.com/post/73f1959c_2b4e397ed,https://walburga.lofter.com/,2022-03-13,186,189,189,189,189,189,189,525,3,0,0,0,0,0,3
526,【adgg】练车9,text,moinmoin,https://moinmoin150.lofter.com/post/1ebe7c87_2b4e3a1c0,https://moinmoin150.lofter.com/,2022-03-13,179,179,180,182,184,184,184,526,0,1,2,2,0,0,5
527,Speculum imaginis,text,金蝉加得,https://zhonger84482.lofter.com/post/4cc8f23d_2b4e268b5,https://zhonger84482.lofter.com/,2022-03-12,131,131,131,133,133,133,133,527,0,0,2,0,0,0,2
528,格总受，水一下寂寞的tag，allgg向，纯属是梗，雷慎入,text,千•瓦（格林德沃是我老婆 回复请先看简介）,https://kw26597.lofter.com/post/4b98fd4b_2b4e260c7,https://kw26597.lofter.com/,2022-03-12,321,324,325,328,330,332,332,528,3,1,3,2,2,0,11
529,None,img,特塞尔,https://lawenkelaodetesaiershi.lofter.com/post/4bfdb559_2b4e22dbe,https://lawenkelaodetesaiershi.lofter.com/,2022-03-12,3145,3147,3148,3148,3150,3153,3153,529,2,1,0,2,3,0,8
530,《BACK》（小盖视角）,text,车厘,https://23391965.lofter.com/post/2050634d_2b4e06c0b,https://23391965.lofter.com/,2022-03-12,33,33,33,33,33,33,33,530,0,0,0,0,0,0,0
531,Speculum imaginis,text,金蝉加得,https://zhonger84482.lofter.com/post/4cc8f23d_2b4e01b15,https://zhonger84482.lofter.com/,2022-03-11,115,115,115,117,117,118,118,531,0,0,2,0,1,0,3
532,None,img,呵呵,https://1296535481.lofter.com/post/1dcfde54_2b4dec379,https://1296535481.lofter.com/,2022-03-11,296,296,296,296,296,296,296,532,0,0,0,0,0,0,0
533,Iðunn,text,金蝉加得,https://zhonger84482.lofter.com/post/4cc8f23d_2b4de46b5,https://zhonger84482.lofter.com/,2022-03-10,126,128,128,128,128,129,129,533,2,0,0,0,1,0,3
534,Speculum imaginis,text,金蝉加得,https://zhonger84482.lofter.com/post/4cc8f23d_2b4dc7c21,https://zhonger84482.lofter.com/,2022-03-09,116,116,116,118,118,118,118,534,0,0,2,0,0,0,2
535,None,img,[CENSORED].   ⃒⃘⃤,https://zhangan08814.lofter.com/post/31b99eca_2b4dc8569,https://zhangan08814.lofter.com/,2022-03-09,11,11,11,11,11,11,11,535,0,0,0,0,0,0,0
536,【翻译】我床上的敌人,text,moinmoin,https://moinmoin150.lofter.com/post/1ebe7c87_2b4dbb38c,https://moinmoin150.lofter.com/,2022-03-09,164,164,166,166,166,166,166,536,0,2,0,0,0,0,2
537,Speculum imaginis,text,金蝉加得,https://zhonger84482.lofter.com/post/4cc8f23d_2b4daf004,https://zhonger84482.lofter.com/,2022-03-08,127,129,129,131,131,132,132,537,2,0,2,0,1,0,5
538,None,img,呵呵,https://1296535481.lofter.com/post/1dcfde54_2b4da405c,https://1296535481.lofter.com/,2022-03-08,413,414,414,414,414,415,415,538,1,0,0,0,1,0,2
539,Speculum imaginis,text,金蝉加得,https://zhonger84482.lofter.com/post/4cc8f23d_2b4d9929a,https://zhonger84482.lofter.com/,2022-03-07,113,115,115,117,117,117,117,539,2,0,2,0,0,0,4
540,None,img,卡諾普斯   ⃒⃘⃤(码字中,https://xiao497489.lofter.com/post/4c3ef32e_2b4d80f2c,https://xiao497489.lofter.com/,2022-03-07,22,22,22,22,22,22,22,540,0,0,0,0,0,0,0
541,Iðunn,text,金蝉加得,https://zhonger84482.lofter.com/post/4cc8f23d_2b4d7b131,https://zhonger84482.lofter.com/,2022-03-06,175,178,178,178,178,179,179,541,3,0,0,0,1,0,4
542,Iðunn,text,金蝉加得,https://zhonger84482.lofter.com/post/4cc8f23d_2b4d5522e,https://zhonger84482.lofter.com/,2022-03-05,165,168,168,168,168,168,168,542,3,0,0,0,0,0,3
543,(adgg) 你瞧，它正在坠下去……,text,千•瓦（格林德沃是我老婆 回复请先看简介）,https://kw26597.lofter.com/post/4b98fd4b_2b4d44f29,https://kw26597.lofter.com/,2022-03-05,63,65,65,65,65,65,65,543,2,0,0,0,0,0,2
544,【GGAD】ggad在当代（四）,text,阿德加的天狼星,https://9359333868.lofter.com/post/4ba61b7f_2b4b4b8ca,https://9359333868.lofter.com/,2022-03-05,34,34,34,34,34,34,34,544,0,0,0,0,0,0,0
545,Iðunn,text,金蝉加得,https://zhonger84482.lofter.com/post/4cc8f23d_2b4d31a30,https://zhonger84482.lofter.com/,2022-03-04,171,174,174,174,174,174,174,545,3,0,0,0,0,0,3
546,Iðunn,text,金蝉加得,https://zhonger84482.lofter.com/post/4cc8f23d_2b4d11920,https://zhonger84482.lofter.com/,2022-03-03,139,142,142,142,142,142,142,546,3,0,0,0,0,0,3
547,Iðunn,text,金蝉加得,https://zhonger84482.lofter.com/post/4cc8f23d_2b4cf6f64,https://zhonger84482.lofter.com/,2022-03-02,115,118,118,118,118,118,118,547,3,0,0,0,0,0,3
548,Iðunn,text,金蝉加得,https://zhonger84482.lofter.com/post/4cc8f23d_2b4cdb29a,https://zhonger84482.lofter.com/,2022-03-01,122,125,125,125,125,125,125,548,3,0,0,0,0,0,3
549,None,img,卡諾普斯   ⃒⃘⃤(码字中,https://xiao497489.lofter.com/post/4c3ef32e_2b4cdc843,https://xiao497489.lofter.com/,2022-03-01,41,41,41,41,42,42,42,549,0,0,0,1,0,0,1
550,None,img,高锥克山谷的萝莉   ⃒⃘⃤,https://gaozhuikeshangudeluoli.lofter.com/post/1f9724ff_2b4cc97e6,https://gaozhuikeshangudeluoli.lofter.com/,2022-03-01,46,46,46,46,46,46,46,550,0,0,0,0,0,0,0
551,Speculum imaginis,text,金蝉加得,https://zhonger84482.lofter.com/post/4cc8f23d_2b4cc2b6f,https://zhonger84482.lofter.com/,2022-02-28,133,135,135,137,137,139,139,551,2,0,2,0,2,0,6
552,None,img,-元阿涧-,https://damingkunxinggongzhuzhumeichuo.lofter.com/post/30985ce4_2b4cc53dc,https://damingkunxinggongzhuzhumeichuo.lofter.com/,2022-02-28,34,34,34,34,34,34,34,552,0,0,0,0,0,0,0
553,Speculum imaginis,text,金蝉加得,https://zhonger84482.lofter.com/post/4cc8f23d_2b4ca4836,https://zhonger84482.lofter.com/,2022-02-27,139,139,139,141,141,141,141,553,0,0,2,0,0,0,2
554,这是一个试水草稿,text,Omisoka Nenko,https://mochi52885.lofter.com/post/741625e5_2b4c83038,https://mochi52885.lofter.com/,2022-02-26,61,61,61,61,61,61,61,554,0,0,0,0,0,0,0
555,Speculum imaginis,text,金蝉加得,https://zhonger84482.lofter.com/post/4cc8f23d_2b4c821ba,https://zhonger84482.lofter.com/,2022-02-26,134,134,134,136,136,136,136,555,0,0,2,0,0,0,2
556,Speculum imaginis,text,金蝉加得,https://zhonger84482.lofter.com/post/4cc8f23d_2b4c80b0f,https://zhonger84482.lofter.com/,2022-02-26,104,104,105,107,107,108,108,556,0,1,2,0,1,0,4
557,None,img,躺着吃饭,https://meiyoumeimaodeluer.lofter.com/post/1f263ef1_2b4c65d1a,https://meiyoumeimaodeluer.lofter.com/,2022-02-26,65,65,65,65,65,65,65,557,0,0,0,0,0,0,0
558,【授翻】德姆斯特朗的最佳学生（39.2）,text,moinmoin,https://moinmoin150.lofter.com/post/1ebe7c87_2b4c49086,https://moinmoin150.lofter.com/,2022-02-25,123,123,123,123,123,123,123,558,0,0,0,0,0,0,0
559,Speculum imaginis,text,金蝉加得,https://zhonger84482.lofter.com/post/4cc8f23d_2b4c410ec,https://zhonger84482.lofter.com/,2022-02-24,128,128,128,130,130,130,130,559,0,0,2,0,0,0,2
560,None,img,QwQ（XZ ekelhaft.）,https://qwq7955313.lofter.com/post/73b4e78b_2b4c3c2e4,https://qwq7955313.lofter.com/,2022-02-24,11,11,11,11,11,11,11,560,0,0,0,0,0,0,0
561,Speculum imaginis,text,金蝉加得,https://zhonger84482.lofter.com/post/4cc8f23d_2b4c26acc,https://zhonger84482.lofter.com/,2022-02-23,131,131,131,133,133,134,134,561,0,0,2,0,1,0,3
562,Speculum imaginis,text,金蝉加得,https://zhonger84482.lofter.com/post/4cc8f23d_2b4c0ae30,https://zhonger84482.lofter.com/,2022-02-22,111,111,111,113,113,113,113,562,0,0,2,0,0,0,2
563,立场互换GGAD,text,慢步道中,https://shaonianyin73609.lofter.com/post/4ceee997_2b4be728e,https://shaonianyin73609.lofter.com/,2022-02-22,87,87,87,87,87,87,87,563,0,0,0,0,0,0,0
564,Speculum imaginis,text,金蝉加得,https://zhonger84482.lofter.com/post/4cc8f23d_2b4bee834,https://zhonger84482.lofter.com/,2022-02-21,115,115,115,117,117,117,117,564,0,0,2,0,0,0,2
565,当你穿越成草包洛哈特之格林德沃你给我等着（3）,text,lucky,https://yanshizhe696.lofter.com/post/30a5e5c2_2b4bef86d,https://yanshizhe696.lofter.com/,2022-02-21,484,485,486,486,488,489,489,565,1,1,0,2,1,0,5
566,Iðunn,text,金蝉加得,https://zhonger84482.lofter.com/post/4cc8f23d_2b4bd1be1,https://zhonger84482.lofter.com/,2022-02-20,127,130,130,130,130,130,130,566,3,0,0,0,0,0,3
567,None,img,欧ooo,https://yu862454.lofter.com/post/1ed55576_2b4bbc0e3,https://yu862454.lofter.com/,2022-02-20,764,764,764,765,765,765,765,567,0,0,1,0,0,0,1
568,Iðunn,text,金蝉加得,https://zhonger84482.lofter.com/post/4cc8f23d_2b4baab45,https://zhonger84482.lofter.com/,2022-02-19,129,132,132,132,132,132,132,568,3,0,0,0,0,0,3
569,Iðunn,text,金蝉加得,https://zhonger84482.lofter.com/post/4cc8f23d_2b4b845f5,https://zhonger84482.lofter.com/,2022-02-18,108,111,111,111,111,111,111,569,3,0,0,0,0,0,3
570,None,img,高锥克山谷的萝莉   ⃒⃘⃤,https://gaozhuikeshangudeluoli.lofter.com/post/1f9724ff_2b4b76b4c,https://gaozhuikeshangudeluoli.lofter.com/,2022-02-18,506,507,508,508,508,508,508,570,1,1,0,0,0,0,2
571,Iðunn,text,金蝉加得,https://zhonger84482.lofter.com/post/4cc8f23d_2b4b615e4,https://zhonger84482.lofter.com/,2022-02-17,124,127,127,127,127,127,127,571,3,0,0,0,0,0,3
572,None,img,高锥克山谷的萝莉   ⃒⃘⃤,https://gaozhuikeshangudeluoli.lofter.com/post/1f9724ff_2b4b5b5e4,https://gaozhuikeshangudeluoli.lofter.com/,2022-02-17,49,49,49,49,49,49,49,572,0,0,0,0,0,0,0
573,Speculum imaginis,text,金蝉加得,https://zhonger84482.lofter.com/post/4cc8f23d_2b4b434d5,https://zhonger84482.lofter.com/,2022-02-16,121,121,121,123,123,123,123,573,0,0,2,0,0,0,2
574,【GGAD】ggad在当代（三）,text,阿德加的天狼星,https://9359333868.lofter.com/post/4ba61b7f_2b4a1e128,https://9359333868.lofter.com/,2022-02-16,40,40,40,40,40,40,40,574,0,0,0,0,0,0,0
575,Speculum imaginis,text,金蝉加得,https://zhonger84482.lofter.com/post/4cc8f23d_2b4b1c3fc,https://zhonger84482.lofter.com/,2022-02-15,125,125,125,127,127,128,128,575,0,0,2,0,1,0,3
576,【授翻】德姆斯特朗的最佳学生（39.1）,text,moinmoin,https://moinmoin150.lofter.com/post/1ebe7c87_2b4b0808e,https://moinmoin150.lofter.com/,2022-02-15,79,79,79,79,79,79,79,576,0,0,0,0,0,0,0
577,Speculum imaginis,text,金蝉加得,https://zhonger84482.lofter.com/post/4cc8f23d_2b4aef2b3,https://zhonger84482.lofter.com/,2022-02-14,107,107,107,109,109,109,109,577,0,0,2,0,0,0,2
578,ADGG,text,ZOEL.,https://liang64362.lofter.com/post/4cb9698a_2b4aed609,https://liang64362.lofter.com/,2022-02-14,23,23,23,23,23,23,23,578,0,0,0,0,0,0,0
579,adgg元宵节贺文：来个什么馅的汤圆？,text,千•瓦（格林德沃是我老婆 回复请先看简介）,https://kw26597.lofter.com/post/4b98fd4b_2b4aecb08,https://kw26597.lofter.com/,2022-02-14,35,36,37,37,37,37,37,579,1,1,0,0,0,0,2
580,贰 · 格林德沃,text,子杦,https://swearlanslorbailuoyi.lofter.com/post/1e6bc4dc_2b4aeba46,https://swearlanslorbailuoyi.lofter.com/,2022-02-14,36,36,36,36,36,36,36,580,0,0,0,0,0,0,0
581,总序、不存在的可能性（下）,text,秋山雪奈,https://lumilu856.lofter.com/post/2003632c_2b4ae3820,https://lumilu856.lofter.com/,2022-02-14,26,26,26,26,26,26,26,581,0,0,0,0,0,0,0
582,总序、不存在的可能性（中下）,text,秋山雪奈,https://lumilu856.lofter.com/post/2003632c_2b4ae59dd,https://lumilu856.lofter.com/,2022-02-14,29,29,29,29,29,29,29,582,0,0,0,0,0,0,0
583,【授翻】更添一对？(7/7),text,moinmoin,https://moinmoin150.lofter.com/post/1ebe7c87_2b4ac956e,https://moinmoin150.lofter.com/,2022-02-14,85,85,85,85,85,85,85,583,0,0,0,0,0,0,0
584,【ggad/adgg】华胥引随笔,text,是来拆散的不是来加入的,https://baizhu205.lofter.com/post/1ef63c4c_2b4ac0bfb,https://baizhu205.lofter.com/,2022-02-13,20,20,20,20,20,20,20,584,0,0,0,0,0,0,0
585,[ggad/adgg]华胥引 2,text,是来拆散的不是来加入的,https://baizhu205.lofter.com/post/1ef63c4c_2b459b7b8,https://baizhu205.lofter.com/,2022-02-13,13,13,13,13,13,13,13,585,0,0,0,0,0,0,0
586,Speculum imaginis,text,金蝉加得,https://zhonger84482.lofter.com/post/4cc8f23d_2b4ab9657,https://zhonger84482.lofter.com/,2022-02-13,114,114,114,116,116,116,116,586,0,0,2,0,0,0,2
587,None,img,Empty,https://9524925741.lofter.com/post/7425415d_2b4abb578,https://9524925741.lofter.com/,2022-02-13,29,29,29,29,29,29,29,587,0,0,0,0,0,0,0
588,None,img,高锥克山谷的萝莉   ⃒⃘⃤,https://gaozhuikeshangudeluoli.lofter.com/post/1f9724ff_2b4abb8d4,https://gaozhuikeshangudeluoli.lofter.com/,2022-02-13,663,663,664,664,665,665,665,588,0,1,0,1,0,0,2
589,None,img,QwQ（XZ ekelhaft.）,https://qwq7955313.lofter.com/post/73b4e78b_2b4ab31e9,https://qwq7955313.lofter.com/,2022-02-13,42,42,42,42,42,42,42,589,0,0,0,0,0,0,0
590,总序、不存在的可能性（中上）,text,秋山雪奈,https://lumilu856.lofter.com/post/2003632c_2b4ab3a62,https://lumilu856.lofter.com/,2022-02-13,32,32,32,32,32,32,32,590,0,0,0,0,0,0,0
591,None,img,etheldelea,https://zhenghongz.lofter.com/post/30a54758_2b4aa20e0,https://zhenghongz.lofter.com/,2022-02-13,439,439,440,440,440,440,440,591,0,1,0,0,0,0,1
592,香酥玫瑰-2.2,text,卿卿子鲸,https://qingqingzijing837.lofter.com/post/1faab3da_2b4a90070,https://qingqingzijing837.lofter.com/,2022-02-12,8,8,8,8,8,8,8,592,0,0,0,0,0,0,0
593,Iðunn,text,金蝉加得,https://zhonger84482.lofter.com/post/4cc8f23d_2b4a8ebf1,https://zhonger84482.lofter.com/,2022-02-12,98,101,101,101,101,101,101,593,3,0,0,0,0,0,3
594,Iðunn,text,金蝉加得,https://zhonger84482.lofter.com/post/4cc8f23d_2b4a624eb,https://zhonger84482.lofter.com/,2022-02-11,107,110,110,110,110,110,110,594,3,0,0,0,0,0,3
595,None,img,冰糖包子加奶茶,https://universe-star.lofter.com/post/1dd5e973_2b4a57a12,https://universe-star.lofter.com/,2022-02-11,75,75,75,75,75,75,75,595,0,0,0,0,0,0,0
596,香酥玫瑰-2.1,text,卿卿子鲸,https://qingqingzijing837.lofter.com/post/1faab3da_2b4a5731f,https://qingqingzijing837.lofter.com/,2022-02-11,26,26,26,26,26,26,26,596,0,0,0,0,0,0,0
597,None,img,QwQ（XZ ekelhaft.）,https://qwq7955313.lofter.com/post/73b4e78b_2b4a44b5e,https://qwq7955313.lofter.com/,2022-02-11,24,24,24,24,24,24,24,597,0,0,0,0,0,0,0
598,香酥玫瑰-1,text,卿卿子鲸,https://qingqingzijing837.lofter.com/post/1faab3da_2b4a38433,https://qingqingzijing837.lofter.com/,2022-02-10,34,34,34,34,34,34,34,598,0,0,0,0,0,0,0
599,Iðunn,text,金蝉加得,https://zhonger84482.lofter.com/post/4cc8f23d_2b4a337c5,https://zhonger84482.lofter.com/,2022-02-10,111,114,114,114,114,114,114,599,3,0,0,0,0,0,3
600,None,img,溍丘^,https://aqiujun92011.lofter.com/post/4cdf3376_2b4a2e54c,https://aqiujun92011.lofter.com/,2022-02-10,83,83,83,83,83,83,83,600,0,0,0,0,0,0,0
601,【授翻】更添一对？(6/7),text,moinmoin,https://moinmoin150.lofter.com/post/1ebe7c87_2b4a1edcf,https://moinmoin150.lofter.com/,2022-02-10,87,87,87,87,87,87,87,601,0,0,0,0,0,0,0
602,【GGAD】ggad在当代（二）,text,阿德加的天狼星,https://9359333868.lofter.com/post/4ba61b7f_2b49cf05c,https://9359333868.lofter.com/,2022-02-10,62,62,62,62,62,62,62,602,0,0,0,0,0,0,0
603,哀悼,text,XYan,https://xyans.lofter.com/post/4c54b97f_2b4a13697,https://xyans.lofter.com/,2022-02-10,37,37,37,37,37,37,37,603,0,0,0,0,0,0,0
604,None,img,QwQ（XZ ekelhaft.）,https://qwq7955313.lofter.com/post/73b4e78b_2b4a122e2,https://qwq7955313.lofter.com/,2022-02-10,7,7,7,7,7,7,7,604,0,0,0,0,0,0,0
605,Iðunn,text,金蝉加得,https://zhonger84482.lofter.com/post/4cc8f23d_2b4a06968,https://zhonger84482.lofter.com/,2022-02-09,119,122,122,122,122,122,122,605,3,0,0,0,0,0,3
606,None,img,washingtime,https://shenmegui380.lofter.com/post/1f0b10da_2b49fb397,https://shenmegui380.lofter.com/,2022-02-09,94,94,94,94,94,94,94,606,0,0,0,0,0,0,0
607,[GG&AD]如果格林德沃在1995年时逃狱,text,披星戴月,https://justletmebe.lofter.com/post/73c86aeb_2b49f3362,https://justletmebe.lofter.com/,2022-02-09,487,492,495,496,503,503,503,607,5,3,1,7,0,0,16
608,None,img,阿德加的天狼星,https://9359333868.lofter.com/post/4ba61b7f_2b49e5c98,https://9359333868.lofter.com/,2022-02-09,50,50,50,50,50,50,50,608,0,0,0,0,0,0,0
609,Speculum imaginis,text,金蝉加得,https://zhonger84482.lofter.com/post/4cc8f23d_2b49dedf9,https://zhonger84482.lofter.com/,2022-02-08,123,123,123,125,125,125,125,609,0,0,2,0,0,0,2
610,一个脑洞2,text,Bycatch    ⃒⃘⃤,https://walburga.lofter.com/post/73f1959c_2b49d334b,https://walburga.lofter.com/,2022-02-08,72,75,75,76,76,76,76,610,3,0,1,0,0,0,4
611,【授翻】更添一对？(5/7),text,moinmoin,https://moinmoin150.lofter.com/post/1ebe7c87_2b499587c,https://moinmoin150.lofter.com/,2022-02-07,78,78,78,78,78,78,78,611,0,0,0,0,0,0,0
612,None,img,QwQ（XZ ekelhaft.）,https://qwq7955313.lofter.com/post/73b4e78b_2b4994ede,https://qwq7955313.lofter.com/,2022-02-07,4,4,4,4,4,4,4,612,0,0,0,0,0,0,0
613,「看海」‖GGAD·虚无记忆,text,Christy,https://tiersitears.lofter.com/post/32207c61_2b498e517,https://tiersitears.lofter.com/,2022-02-06,19,19,19,19,19,19,19,613,0,0,0,0,0,0,0
614,Speculum imaginis,text,金蝉加得,https://zhonger84482.lofter.com/post/4cc8f23d_2b49835c1,https://zhonger84482.lofter.com/,2022-02-06,123,123,123,125,125,125,125,614,0,0,2,0,0,0,2
615,【GGAD】ggad在当代（一）,text,阿德加的天狼星,https://9359333868.lofter.com/post/4ba61b7f_2b496ad50,https://9359333868.lofter.com/,2022-02-06,72,72,72,72,72,72,72,615,0,0,0,0,0,0,0
616,Speculum imaginis,text,金蝉加得,https://zhonger84482.lofter.com/post/4cc8f23d_2b4966cca,https://zhonger84482.lofter.com/,2022-02-05,114,114,114,116,117,117,117,616,0,0,2,1,0,0,3
617,Speculum imaginis,text,金蝉加得,https://zhonger84482.lofter.com/post/4cc8f23d_2b493efbe,https://zhonger84482.lofter.com/,2022-02-05,91,91,91,93,93,93,93,617,0,0,2,0,0,0,2
618,None,img,QwQ（XZ ekelhaft.）,https://qwq7955313.lofter.com/post/73b4e78b_2b49521bb,https://qwq7955313.lofter.com/,2022-02-05,13,13,13,13,13,13,13,618,0,0,0,0,0,0,0
619,Iðunn,text,金蝉加得,https://zhonger84482.lofter.com/post/4cc8f23d_2b48f0389,https://zhonger84482.lofter.com/,2022-02-03,117,120,120,120,120,120,120,619,3,0,0,0,0,0,3
620,None,img,QwQ（XZ ekelhaft.）,https://qwq7955313.lofter.com/post/73b4e78b_2b49096c8,https://qwq7955313.lofter.com/,2022-02-03,11,11,11,11,11,11,11,620,0,0,0,0,0,0,0
621,【授翻】更添一对？(4/7),text,moinmoin,https://moinmoin150.lofter.com/post/1ebe7c87_2b49046ff,https://moinmoin150.lofter.com/,2022-02-03,81,81,81,81,81,81,81,621,0,0,0,0,0,0,0
622,【观影体】藏在阴影中的误导（10）,text,淼淼的搞事天堂,https://miaomiaodegaoshitiantang.lofter.com/post/4bad53b2_2b48f86f3,https://miaomiaodegaoshitiantang.lofter.com/,2022-02-02,1245,1244,1244,1248,1249,1249,1249,622,-1,0,4,1,0,0,4
623,None,img,冰糖包子加奶茶,https://universe-star.lofter.com/post/1dd5e973_2b48f11a5,https://universe-star.lofter.com/,2022-02-02,143,143,143,143,143,143,143,623,0,0,0,0,0,0,0
624,【授翻】更添一对？(3/7),text,moinmoin,https://moinmoin150.lofter.com/post/1ebe7c87_2b48e3f35,https://moinmoin150.lofter.com/,2022-02-02,102,102,102,102,102,102,102,624,0,0,0,0,0,0,0
625,None,img,高锥克山谷的萝莉   ⃒⃘⃤,https://gaozhuikeshangudeluoli.lofter.com/post/1f9724ff_2b48e121e,https://gaozhuikeshangudeluoli.lofter.com/,2022-02-02,111,111,111,111,111,111,111,625,0,0,0,0,0,0,0
626,ADGG新年企划 大鸡大利，新年吃鸡,text,高锥克山谷的萝莉   ⃒⃘⃤,https://gaozhuikeshangudeluoli.lofter.com/post/1f9724ff_2b48d47de,https://gaozhuikeshangudeluoli.lofter.com/,2022-02-01,79,79,79,79,79,79,79,626,0,0,0,0,0,0,0
627,None,img,高锥克山谷的萝莉   ⃒⃘⃤,https://gaozhuikeshangudeluoli.lofter.com/post/1f9724ff_2b48d0fd7,https://gaozhuikeshangudeluoli.lofter.com/,2022-02-01,83,83,83,83,83,83,83,627,0,0,0,0,0,0,0
628,Speculum imaginis,text,金蝉加得,https://zhonger84482.lofter.com/post/4cc8f23d_2b48d3845,https://zhonger84482.lofter.com/,2022-02-01,136,136,136,138,138,138,138,628,0,0,2,0,0,0,2
629,ADGG新年企划 所谓运气,text,笙诗白华,https://shengshibaihua192.lofter.com/post/30bbc5f8_2b48c4625,https://shengshibaihua192.lofter.com/,2022-02-01,40,40,40,40,40,40,40,629,0,0,0,0,0,0,0
630,None,img,想喝奶茶,https://bu167.lofter.com/post/1f454d2c_2b4895c17,https://bu167.lofter.com/,2022-02-01,44,44,44,44,44,44,44,630,0,0,0,0,0,0,0
631,ADGG新年企划 纯粹怒放,text,笙诗南陔,https://shengshinangai.lofter.com/post/4c01e7d2_2b48bf8d2,https://shengshinangai.lofter.com/,2022-02-01,21,21,21,21,21,21,21,631,0,0,0,0,0,0,0
632,ADGG新年企划 Revolutionary,text,笙诗南陔,https://shengshinangai.lofter.com/post/4c01e7d2_2b48968ac,https://shengshinangai.lofter.com/,2022-02-01,23,23,23,23,23,23,23,632,0,0,0,0,0,0,0
633,ADGG新年企划 时间转换器,text,滥竽充数的白桦,https://zixuqing.lofter.com/post/73e9a0de_2b483b725,https://zixuqing.lofter.com/,2022-02-01,37,37,37,37,37,37,37,633,0,0,0,0,0,0,0
634,Iðunn,text,金蝉加得,https://zhonger84482.lofter.com/post/4cc8f23d_2b48b2745,https://zhonger84482.lofter.com/,2022-01-31,138,141,141,141,141,141,141,634,3,0,0,0,0,0,3
635,ADGG新年企划 易泪体质,text,知露春夏,https://saibosirentangbanban.lofter.com/post/4d21617e_2b4893152,https://saibosirentangbanban.lofter.com/,2022-01-31,84,84,84,84,84,84,84,635,0,0,0,0,0,0,0
636,ADGG新年企划 银舌魔王a变o了？,text,千•瓦（格林德沃是我老婆 回复请先看简介）,https://kw26597.lofter.com/post/4b98fd4b_2b4841b64,https://kw26597.lofter.com/,2022-01-31,78,78,78,78,78,78,78,636,0,0,0,0,0,0,0
637,ADGG新年企划 双向奔赴,text,紫水晶,https://lapqmz90.lofter.com/post/1e03d9d8_2b487dbeb,https://lapqmz90.lofter.com/,2022-01-31,125,125,125,125,125,125,125,637,0,0,0,0,0,0,0
638,None,img,etheldelea,https://zhenghongz.lofter.com/post/30a54758_2b48a2306,https://zhenghongz.lofter.com/,2022-01-31,159,159,159,159,159,159,159,638,0,0,0,0,0,0,0
639,None,img,莱米贴贴Sev.,https://liangxiaohua94711.lofter.com/post/4b953347_2b4895a46,https://liangxiaohua94711.lofter.com/,2022-01-31,37,37,37,39,39,41,41,639,0,0,2,0,2,0,4
640,None,img,washingtime,https://shenmegui380.lofter.com/post/1f0b10da_2b48929aa,https://shenmegui380.lofter.com/,2022-01-31,86,86,86,86,86,86,86,640,0,0,0,0,0,0,0
641,Iðunn,text,金蝉加得,https://zhonger84482.lofter.com/post/4cc8f23d_2b487190d,https://zhonger84482.lofter.com/,2022-01-30,105,108,108,108,108,108,108,641,3,0,0,0,0,0,3
642,给个意见……,text,芋圆,https://zhangyuanyu88649.lofter.com/post/73b713b8_2b486edf3,https://zhangyuanyu88649.lofter.com/,2022-01-30,48,48,48,48,48,48,48,642,0,0,0,0,0,0,0
643,【授翻】更添一对？(2/7),text,moinmoin,https://moinmoin150.lofter.com/post/1ebe7c87_2b486743c,https://moinmoin150.lofter.com/,2022-01-30,104,104,104,104,104,104,104,643,0,0,0,0,0,0,0
644,【授翻】更添一对？(1/7),text,moinmoin,https://moinmoin150.lofter.com/post/1ebe7c87_2b48621dc,https://moinmoin150.lofter.com/,2022-01-30,111,111,112,113,112,112,112,644,0,1,1,-1,0,0,1
645,None,img,高锥克山谷的萝莉   ⃒⃘⃤,https://gaozhuikeshangudeluoli.lofter.com/post/1f9724ff_2b485fb35,https://gaozhuikeshangudeluoli.lofter.com/,2022-01-30,124,124,124,124,124,124,124,645,0,0,0,0,0,0,0
646,Speculum imaginis,text,金蝉加得,https://zhonger84482.lofter.com/post/4cc8f23d_2b4856624,https://zhonger84482.lofter.com/,2022-01-29,105,105,105,107,107,107,107,646,0,0,2,0,0,0,2
647,None,img,QwQ（XZ ekelhaft.）,https://qwq7955313.lofter.com/post/73b4e78b_2b4835f99,https://qwq7955313.lofter.com/,2022-01-29,9,9,9,9,9,9,9,647,0,0,0,0,0,0,0
648,Speculum imaginis,text,金蝉加得,https://zhonger84482.lofter.com/post/4cc8f23d_2b482ee33,https://zhonger84482.lofter.com/,2022-01-28,110,110,110,112,112,112,112,648,0,0,2,0,0,0,2
649,求文！,text,lush ⃒⃘⃤,https://murongxueyan33911.lofter.com/post/3136763e_2b482aeb7,https://murongxueyan33911.lofter.com/,2022-01-28,33,33,33,34,34,34,34,649,0,0,1,0,0,0,1
650,None,img,知露春夏,https://saibosirentangbanban.lofter.com/post/4d21617e_2b4824d63,https://saibosirentangbanban.lofter.com/,2022-01-28,68,68,68,68,68,68,68,650,0,0,0,0,0,0,0
651,纽蒙迦德生存指南,text,钟表匠,https://swansong7.lofter.com/post/4bc48fb5_2b482192a,https://swansong7.lofter.com/,2022-01-28,3580,3591,3616,3635,3654,3683,3683,651,11,25,19,19,29,0,103
652,夭寿了！格林德沃他不吃醋了！,text,芋圆,https://zhangyuanyu88649.lofter.com/post/73b713b8_2b48050a7,https://zhangyuanyu88649.lofter.com/,2022-01-27,178,178,178,179,179,182,182,652,0,0,1,0,3,0,4
653,Iðunn,text,金蝉加得,https://zhonger84482.lofter.com/post/4cc8f23d_2b48063b4,https://zhonger84482.lofter.com/,2022-01-27,132,135,135,135,135,135,135,653,3,0,0,0,0,0,3
654,None,img,高锥克山谷的萝莉   ⃒⃘⃤,https://gaozhuikeshangudeluoli.lofter.com/post/1f9724ff_2b4805efa,https://gaozhuikeshangudeluoli.lofter.com/,2022-01-27,98,98,98,98,98,98,98,654,0,0,0,0,0,0,0
655,None,img,QwQ（XZ ekelhaft.）,https://qwq7955313.lofter.com/post/73b4e78b_2b47eb340,https://qwq7955313.lofter.com/,2022-01-27,8,8,8,8,8,8,8,655,0,0,0,0,0,0,0
656,占tag致歉,text,知露春夏,https://saibosirentangbanban.lofter.com/post/4d21617e_2b47e8802,https://saibosirentangbanban.lofter.com/,2022-01-27,10,10,10,10,10,10,10,656,0,0,0,0,0,0,0
657,Iðunn,text,金蝉加得,https://zhonger84482.lofter.com/post/4cc8f23d_2b47df106,https://zhonger84482.lofter.com/,2022-01-26,110,113,113,113,113,113,113,657,3,0,0,0,0,0,3
658,None,img,etheldelea,https://zhenghongz.lofter.com/post/30a54758_2b47e2e08,https://zhenghongz.lofter.com/,2022-01-26,850,850,850,851,853,854,854,658,0,0,1,2,1,0,4
659,None,img,苏辞,https://nuanxinlei.lofter.com/post/30fed260_2b47da94f,https://nuanxinlei.lofter.com/,2022-01-26,43,43,43,43,43,43,43,659,0,0,0,0,0,0,0
660,None,img,高锰酸钾,https://kkmia999.lofter.com/post/1d780b3f_2b47cae85,https://kkmia999.lofter.com/,2022-01-26,34,34,34,34,34,34,34,660,0,0,0,0,0,0,0
661,None,img,黑的白的灰,https://loveterry.lofter.com/post/3de62f_2b47c6f62,https://loveterry.lofter.com/,2022-01-26,38,38,38,38,38,38,38,661,0,0,0,0,0,0,0
662,Nevermore 第三章,text,知露春夏,https://saibosirentangbanban.lofter.com/post/4d21617e_2b47bf56a,https://saibosirentangbanban.lofter.com/,2022-01-26,22,22,22,22,22,22,22,662,0,0,0,0,0,0,0
663,None,img,我是入间铳兔的狗！,https://moliang43463.lofter.com/post/4b4abce3_2b47bf796,https://moliang43463.lofter.com/,2022-01-26,26,26,26,26,26,26,26,663,0,0,0,0,0,0,0
664,None,img,溍丘^,https://aqiujun92011.lofter.com/post/4cdf3376_2b47be7cf,https://aqiujun92011.lofter.com/,2022-01-26,57,57,57,57,57,57,57,664,0,0,0,0,0,0,0
665,Speculum imaginis,text,金蝉加得,https://zhonger84482.lofter.com/post/4cc8f23d_2b47afb23,https://zhonger84482.lofter.com/,2022-01-25,138,138,138,141,141,141,141,665,0,0,3,0,0,0,3
666,None,img,高锥克山谷的萝莉   ⃒⃘⃤,https://gaozhuikeshangudeluoli.lofter.com/post/1f9724ff_2b47a506e,https://gaozhuikeshangudeluoli.lofter.com/,2022-01-25,887,886,886,889,889,889,889,666,-1,0,3,0,0,0,2
667,带离游戏 选项2 第一节,text,滥竽充数的白桦,https://zixuqing.lofter.com/post/73e9a0de_2b4790d7f,https://zixuqing.lofter.com/,2022-01-25,22,22,22,22,22,22,22,667,0,0,0,0,0,0,0
668,None,img,★深藏屋中★,https://huangboqiwusheng.lofter.com/post/1fda0e40_2b478e5a7,https://huangboqiwusheng.lofter.com/,2022-01-24,19,19,19,19,19,19,19,668,0,0,0,0,0,0,0
669,Iðunn,text,金蝉加得,https://zhonger84482.lofter.com/post/4cc8f23d_2b47881b3,https://zhonger84482.lofter.com/,2022-01-24,147,150,150,150,150,150,150,669,3,0,0,0,0,0,3
670,官配(?)竟然是ADGG?!,text,kr8.,https://1545931040.lofter.com/post/4cedc98c_2b4780c03,https://1545931040.lofter.com/,2022-01-24,29,29,29,29,29,29,29,670,0,0,0,0,0,0,0
671,Iðunn,text,金蝉加得,https://zhonger84482.lofter.com/post/4cc8f23d_2b4761a13,https://zhonger84482.lofter.com/,2022-01-23,114,117,117,117,117,117,117,671,3,0,0,0,0,0,3
672,None,img,QwQ（XZ ekelhaft.）,https://qwq7955313.lofter.com/post/73b4e78b_2b475872a,https://qwq7955313.lofter.com/,2022-01-23,45,45,45,45,45,45,45,672,0,0,0,0,0,0,0
673,None,img,etheldelea,https://zhenghongz.lofter.com/post/30a54758_2b4751f31,https://zhenghongz.lofter.com/,2022-01-23,1163,1164,1164,1165,1166,1168,1168,673,1,0,1,1,2,0,5
674,None,img,etheldelea,https://zhenghongz.lofter.com/post/30a54758_2b4755334,https://zhenghongz.lofter.com/,2022-01-23,444,444,444,444,444,444,444,674,0,0,0,0,0,0,0
675,Nevermore 第二章,text,知露春夏,https://saibosirentangbanban.lofter.com/post/4d21617e_2b474cf9e,https://saibosirentangbanban.lofter.com/,2022-01-23,22,22,22,22,22,22,22,675,0,0,0,0,0,0,0
676,六维的重逢（原）第三章,text,知露春夏,https://saibosirentangbanban.lofter.com/post/4d21617e_2b474219c,https://saibosirentangbanban.lofter.com/,2022-01-23,10,10,10,10,10,10,10,676,0,0,0,0,0,0,0
677,Iðunn,text,金蝉加得,https://zhonger84482.lofter.com/post/4cc8f23d_2b473840e,https://zhonger84482.lofter.com/,2022-01-22,125,126,127,127,126,126,126,677,1,1,0,-1,0,0,1
678,Nevermore 第一章,text,知露春夏,https://saibosirentangbanban.lofter.com/post/4d21617e_2b47175d2,https://saibosirentangbanban.lofter.com/,2022-01-22,25,25,25,25,25,25,25,678,0,0,0,0,0,0,0
679,Iðunn,text,金蝉加得,https://zhonger84482.lofter.com/post/4cc8f23d_2b471298a,https://zhonger84482.lofter.com/,2022-01-21,140,141,141,141,141,141,141,679,1,0,0,0,0,0,1
680,Iðunn,text,金蝉加得,https://zhonger84482.lofter.com/post/4cc8f23d_2b46eaa82,https://zhonger84482.lofter.com/,2022-01-20,134,135,135,135,135,135,135,680,1,0,0,0,0,0,1
681,［观影体］关于麻瓜们爱乱点鸳鸯谱这件事,text,著名熊控＆口嗨老师,https://fuwangshangxian.lofter.com/post/31e7aeda_2b45f2cc3,https://fuwangshangxian.lofter.com/,2022-01-20,441,441,441,442,443,445,445,681,0,0,1,1,2,0,4
682,是一个记梗,text,千•瓦（格林德沃是我老婆 回复请先看简介）,https://kw26597.lofter.com/post/4b98fd4b_2b46dd258,https://kw26597.lofter.com/,2022-01-20,43,43,44,44,44,44,44,682,0,1,0,0,0,0,1
683,六维的重逢（修）第一章,text,知露春夏,https://saibosirentangbanban.lofter.com/post/4d21617e_2b46dfb7e,https://saibosirentangbanban.lofter.com/,2022-01-20,14,14,14,14,14,14,14,683,0,0,0,0,0,0,0
684,Iðunn,text,金蝉加得,https://zhonger84482.lofter.com/post/4cc8f23d_2b46ca7fa,https://zhonger84482.lofter.com/,2022-01-19,111,111,111,111,111,111,111,684,0,0,0,0,0,0,0
685,一个脑洞,text,月欣,https://huohaha977.lofter.com/post/2018ae52_2b46a9fd0,https://huohaha977.lofter.com/,2022-01-19,21,21,21,21,21,21,21,685,0,0,0,0,0,0,0
686,None,img,moinmoin,https://moinmoin150.lofter.com/post/1ebe7c87_2b46aa0c1,https://moinmoin150.lofter.com/,2022-01-19,254,254,254,254,254,254,254,686,0,0,0,0,0,0,0
687,Iðunn,text,金蝉加得,https://zhonger84482.lofter.com/post/4cc8f23d_2b46a71c0,https://zhonger84482.lofter.com/,2022-01-18,154,155,156,156,156,157,157,687,1,1,0,0,1,0,3
688,【授翻】犯罪同伙（2/2),text,moinmoin,https://moinmoin150.lofter.com/post/1ebe7c87_2b4695539,https://moinmoin150.lofter.com/,2022-01-18,139,139,139,139,139,139,139,688,0,0,0,0,0,0,0
689,夭寿了！格林德沃他不吃醋了！（1）,text,芋圆,https://zhangyuanyu88649.lofter.com/post/73b713b8_2b4683031,https://zhangyuanyu88649.lofter.com/,2022-01-17,302,303,303,304,304,306,306,689,1,0,1,0,2,0,4
690,Iðunn,text,金蝉加得,https://zhonger84482.lofter.com/post/4cc8f23d_2b46833b9,https://zhonger84482.lofter.com/,2022-01-17,153,154,154,154,154,154,154,690,1,0,0,0,0,0,1
691,【授翻】犯罪同伙（1/2),text,moinmoin,https://moinmoin150.lofter.com/post/1ebe7c87_2b46690c5,https://moinmoin150.lofter.com/,2022-01-17,155,155,156,155,155,155,155,691,0,1,-1,0,0,0,0
692,Iðunn,text,金蝉加得,https://zhonger84482.lofter.com/post/4cc8f23d_2b465b82c,https://zhonger84482.lofter.com/,2022-01-16,140,141,141,141,141,141,141,692,1,0,0,0,0,0,1
693,占tag 致歉,text,千•瓦（格林德沃是我老婆 回复请先看简介）,https://kw26597.lofter.com/post/4b98fd4b_2b465266d,https://kw26597.lofter.com/,2022-01-16,11,11,11,11,11,11,11,693,0,0,0,0,0,0,0
694,Iðunn,text,金蝉加得,https://zhonger84482.lofter.com/post/4cc8f23d_2b4639193,https://zhonger84482.lofter.com/,2022-01-15,171,172,172,172,172,172,172,694,1,0,0,0,0,0,1
695,求ADGG文！！,text,*玉卿*,https://yuqing169.lofter.com/post/1fd4e989_2b462ab4f,https://yuqing169.lofter.com/,2022-01-15,16,16,16,16,16,16,16,695,0,0,0,0,0,0,0
696,Iðunn,text,金蝉加得,https://zhonger84482.lofter.com/post/4cc8f23d_2b4618d2a,https://zhonger84482.lofter.com/,2022-01-14,276,277,278,279,280,280,280,696,1,1,1,1,0,0,4
697,Speculum imaginis,text,金蝉加得,https://zhonger84482.lofter.com/post/4cc8f23d_2b45f779d,https://zhonger84482.lofter.com/,2022-01-13,118,118,118,121,121,121,121,697,0,0,3,0,0,0,3
698,None,img,高锰酸钾,https://kkmia999.lofter.com/post/1d780b3f_2b45e3184,https://kkmia999.lofter.com/,2022-01-12,80,80,80,80,80,80,80,698,0,0,0,0,0,0,0
699,Speculum imaginis,text,金蝉加得,https://zhonger84482.lofter.com/post/4cc8f23d_2b45e11ff,https://zhonger84482.lofter.com/,2022-01-12,120,120,120,123,123,123,123,699,0,0,3,0,0,0,3
700,None,img,苏辞,https://nuanxinlei.lofter.com/post/30fed260_2b45c88c8,https://nuanxinlei.lofter.com/,2022-01-12,244,244,244,244,244,244,244,700,0,0,0,0,0,0,0
701,Speculum imaginis,text,金蝉加得,https://zhonger84482.lofter.com/post/4cc8f23d_2b45c32c5,https://zhonger84482.lofter.com/,2022-01-11,120,120,120,123,123,123,123,701,0,0,3,0,0,0,3
702,Speculum imaginis,text,金蝉加得,https://zhonger84482.lofter.com/post/4cc8f23d_2b45a3bf3,https://zhonger84482.lofter.com/,2022-01-10,129,129,129,132,132,132,132,702,0,0,3,0,0,0,3
703,Speculum imaginis,text,金蝉加得,https://zhonger84482.lofter.com/post/4cc8f23d_2b4572d54,https://zhonger84482.lofter.com/,2022-01-09,130,130,130,133,133,133,133,703,0,0,3,0,0,0,3
704,None,img,白浣,https://qianyejintiankekuaixinlema.lofter.com/post/4b548eed_2b455e6d0,https://qianyejintiankekuaixinlema.lofter.com/,2022-01-09,40,40,40,40,40,40,40,704,0,0,0,0,0,0,0
705,Speculum imaginis,text,金蝉加得,https://zhonger84482.lofter.com/post/4cc8f23d_2b4556379,https://zhonger84482.lofter.com/,2022-01-08,120,120,120,123,123,124,124,705,0,0,3,0,1,0,4
706,救世主在纽蒙迦德（三）,text,风月,https://fengyue80074.lofter.com/post/4b405ee0_2b453b8f8,https://fengyue80074.lofter.com/,2022-01-07,654,655,655,655,655,655,655,706,1,0,0,0,0,0,1
707,Speculum imaginis,text,金蝉加得,https://zhonger84482.lofter.com/post/4cc8f23d_2b4532ac9,https://zhonger84482.lofter.com/,2022-01-07,172,172,172,175,175,175,175,707,0,0,3,0,0,0,3
708,【观影体】那些年不为人知的狮蛇爱恨情仇,text,琼衿,https://qiongjin83063.lofter.com/post/31f6319d_2b452107b,https://qiongjin83063.lofter.com/,2022-01-07,89,89,89,89,89,89,89,708,0,0,0,0,0,0,0
709,None,img,繁华落尽,https://fushengyimengqianhuatun.lofter.com/post/30aebaae_2b451b705,https://fushengyimengqianhuatun.lofter.com/,2022-01-06,51,51,51,51,51,51,51,709,0,0,0,0,0,0,0
710,Speculum imaginis,text,金蝉加得,https://zhonger84482.lofter.com/post/4cc8f23d_2b4517cec,https://zhonger84482.lofter.com/,2022-01-06,149,149,149,152,152,153,153,710,0,0,3,0,1,0,4
711,事已至此|52.9少年组尾声2|GGADGG无差|四季歌,text,江流无舟,https://nuoseven.lofter.com/post/1d4e37d8_2b4517849,https://nuoseven.lofter.com/,2022-01-06,108,108,108,109,109,109,109,711,0,0,1,0,0,0,1
712,自我拯救者 01,text,꧁蓝奕꧂,https://fushangruomeng569.lofter.com/post/200a6a47_2b434369b,https://fushangruomeng569.lofter.com/,2022-01-06,73,73,73,73,73,73,73,712,0,0,0,0,0,0,0
713,自我拯救者 02,text,꧁蓝奕꧂,https://fushangruomeng569.lofter.com/post/200a6a47_2b437191b,https://fushangruomeng569.lofter.com/,2022-01-06,41,41,41,41,41,41,41,713,0,0,0,0,0,0,0
714,【ggad/adgg】华胥引,text,是来拆散的不是来加入的,https://baizhu205.lofter.com/post/1ef63c4c_2b44f12c7,https://baizhu205.lofter.com/,2022-01-05,105,105,105,105,105,105,105,714,0,0,0,0,0,0,0
715,Speculum imaginis,text,金蝉加得,https://zhonger84482.lofter.com/post/4cc8f23d_2b44e7f87,https://zhonger84482.lofter.com/,2022-01-04,154,154,154,157,157,158,158,715,0,0,3,0,1,0,4
716,Speculum imaginis,text,金蝉加得,https://zhonger84482.lofter.com/post/4cc8f23d_2b44d1d7a,https://zhonger84482.lofter.com/,2022-01-03,154,154,154,157,157,158,158,716,0,0,3,0,1,0,4
717,Speculum imaginis,text,金蝉加得,https://zhonger84482.lofter.com/post/4cc8f23d_2b44a7676,https://zhonger84482.lofter.com/,2022-01-02,158,158,158,161,161,162,162,717,0,0,3,0,1,0,4
718,Speculum imaginis,text,金蝉加得,https://zhonger84482.lofter.com/post/4cc8f23d_2b448b01d,https://zhonger84482.lofter.com/,2022-01-01,149,149,149,152,152,152,152,718,0,0,3,0,0,0,3
719,带离游戏 选项1 第二节,text,滥竽充数的白桦,https://zixuqing.lofter.com/post/73e9a0de_2b4483e16,https://zixuqing.lofter.com/,2022-01-01,27,27,27,27,27,27,27,719,0,0,0,0,0,0,0
720,如愿以偿的老伏（二）,text,风月,https://fengyue80074.lofter.com/post/4b405ee0_2b447a025,https://fengyue80074.lofter.com/,2022-01-01,351,351,351,351,351,351,351,720,0,0,0,0,0,0,0
721,None,img,moinmoin,https://moinmoin150.lofter.com/post/1ebe7c87_2b44669ab,https://moinmoin150.lofter.com/,2021-12-31,79,79,80,80,80,80,80,721,0,1,0,0,0,0,1
722,Speculum imaginis,text,金蝉加得,https://zhonger84482.lofter.com/post/4cc8f23d_2b44639ea,https://zhonger84482.lofter.com/,2021-12-31,134,134,134,137,137,137,137,722,0,0,3,0,0,0,3
723,GGAD/Thesewt 新年进行时,text,Wik_Z（随缘更新的鸽子）,https://ggad619745.lofter.com/post/73b69a7f_2b4456794,https://ggad619745.lofter.com/,2021-12-31,231,231,231,231,231,231,231,723,0,0,0,0,0,0,0
724,ADGG 懦弱、勇气与偏执 第七章,text,千•瓦（格林德沃是我老婆 回复请先看简介）,https://kw26597.lofter.com/post/4b98fd4b_2b44574bf,https://kw26597.lofter.com/,2021-12-31,46,46,46,46,46,46,46,724,0,0,0,0,0,0,0
725,None,img,溍丘^,https://aqiujun92011.lofter.com/post/4cdf3376_2b444e2da,https://aqiujun92011.lofter.com/,2021-12-31,385,385,385,385,385,385,385,725,0,0,0,0,0,0,0
726,Speculum imaginis,text,金蝉加得,https://zhonger84482.lofter.com/post/4cc8f23d_2b44464d9,https://zhonger84482.lofter.com/,2021-12-30,162,162,162,165,165,166,166,726,0,0,3,0,1,0,4
727,None,img,马小生,https://shitu47571.lofter.com/post/4c8e416a_2b4433eca,https://shitu47571.lofter.com/,2021-12-29,20,20,20,20,20,20,20,727,0,0,0,0,0,0,0
728,Speculum imaginis,text,金蝉加得,https://zhonger84482.lofter.com/post/4cc8f23d_2b442e5e3,https://zhonger84482.lofter.com/,2021-12-29,153,153,153,156,156,156,156,728,0,0,3,0,0,0,3
729,带离游戏 选项1 第一节,text,滥竽充数的白桦,https://zixuqing.lofter.com/post/73e9a0de_2b442d5e0,https://zixuqing.lofter.com/,2021-12-29,31,31,31,31,31,31,31,729,0,0,0,0,0,0,0
730,关于纽蒙迦德城堡的第三次民事谈判（五）（补）,text,lanjingvivian,https://lanjingvivian.lofter.com/post/1f25814a_1cb771b24,https://lanjingvivian.lofter.com/,2021-02-07,105,106,106,106,106,107,107,730,1,0,0,0,1,0,2
731,Speculum imaginis,text,金蝉加得,https://zhonger84482.lofter.com/post/4cc8f23d_2b441634e,https://zhonger84482.lofter.com/,2021-12-28,169,169,170,173,173,173,173,731,0,1,3,0,0,0,4
732,None,img,苦香瓜,https://921528781.lofter.com/post/1e17aac8_2b44122ca,https://921528781.lofter.com/,2021-12-28,192,192,192,192,193,193,193,732,0,0,0,1,0,0,1
733,Speculum imaginis,text,金蝉加得,https://zhonger84482.lofter.com/post/4cc8f23d_2b43ff4bc,https://zhonger84482.lofter.com/,2021-12-27,175,175,177,180,180,181,181,733,0,2,3,0,1,0,6
734,Speculum imaginis,text,金蝉加得,https://zhonger84482.lofter.com/post/4cc8f23d_2b43e6355,https://zhonger84482.lofter.com/,2021-12-26,137,137,137,140,141,141,141,734,0,0,3,1,0,0,4
735,Speculum imaginis,text,金蝉加得,https://zhonger84482.lofter.com/post/4cc8f23d_2b43e2b7f,https://zhonger84482.lofter.com/,2021-12-26,137,137,137,140,140,140,140,735,0,0,3,0,0,0,3
736,圣诞烛光,text,屑,https://miao413484.lofter.com/post/4d2668d4_2b43a215d,https://miao413484.lofter.com/,2021-12-26,31,31,31,31,31,31,31,736,0,0,0,0,0,0,0
737,悔钟,text,苏辞,https://nuanxinlei.lofter.com/post/30fed260_2b43cf5ee,https://nuanxinlei.lofter.com/,2021-12-25,22,22,22,22,22,22,22,737,0,0,0,0,0,0,0
738,圣诞老巫师,text,高锥克山谷的萝莉   ⃒⃘⃤,https://gaozhuikeshangudeluoli.lofter.com/post/1f9724ff_2b43cdaaa,https://gaozhuikeshangudeluoli.lofter.com/,2021-12-25,45,45,45,45,45,45,45,738,0,0,0,0,0,0,0
739,当你穿成了草包洛哈特之格林德沃你给我等着（2）,text,lucky,https://yanshizhe696.lofter.com/post/30a5e5c2_2b43c3fb5,https://yanshizhe696.lofter.com/,2021-12-25,392,393,393,393,394,395,395,739,1,0,0,1,1,0,3
740,GGAD/圣诞贺礼,text,Wik_Z（随缘更新的鸽子）,https://ggad619745.lofter.com/post/73b69a7f_2b43b229c,https://ggad619745.lofter.com/,2021-12-25,137,137,137,137,137,137,137,740,0,0,0,0,0,0,0
741,悔钟,text,苏辞,https://nuanxinlei.lofter.com/post/30fed260_2b438d880,https://nuanxinlei.lofter.com/,2021-12-24,15,15,15,15,15,15,15,741,0,0,0,0,0,0,0
742,Speculum imaginis,text,金蝉加得,https://zhonger84482.lofter.com/post/4cc8f23d_2b43a9c56,https://zhonger84482.lofter.com/,2021-12-24,160,160,160,163,163,163,163,742,0,0,3,0,0,0,3
743,当你穿成了草包洛哈特之格林德沃你给我等着！,text,lucky,https://yanshizhe696.lofter.com/post/30a5e5c2_2b43a6dcb,https://yanshizhe696.lofter.com/,2021-12-24,382,385,385,386,388,389,389,743,3,0,1,2,1,0,7
744,ADGG 懦弱、勇气与偏执 插番 圣诞特辑🎄,text,千•瓦（格林德沃是我老婆 回复请先看简介）,https://kw26597.lofter.com/post/4b98fd4b_2b43a14a2,https://kw26597.lofter.com/,2021-12-24,40,40,40,40,40,40,40,744,0,0,0,0,0,0,0
745,ADGG 懦弱、勇气与偏执 第六章,text,千•瓦（格林德沃是我老婆 回复请先看简介）,https://kw26597.lofter.com/post/4b98fd4b_2b43a50d7,https://kw26597.lofter.com/,2021-12-24,33,33,33,33,33,33,33,745,0,0,0,0,0,0,0
746,ADGG 懦弱、勇气与偏执 第六章,text,千•瓦（格林德沃是我老婆 回复请先看简介）,https://kw26597.lofter.com/post/4b98fd4b_2b435d523,https://kw26597.lofter.com/,2021-12-24,33,33,33,33,33,33,33,746,0,0,0,0,0,0,0
747,【授翻】道貌岸然,text,moinmoin,https://moinmoin150.lofter.com/post/1ebe7c87_2b4393780,https://moinmoin150.lofter.com/,2021-12-24,138,138,140,141,141,141,141,747,0,2,1,0,0,0,3
748,1224前夜歌单 | 凤凰花开,text,四喜,https://2149602798.lofter.com/post/4b5c53e3_2b430e0ce,https://2149602798.lofter.com/,2021-12-23,10,10,10,10,10,10,10,748,0,0,0,0,0,0,0
749,Speculum imaginis,text,金蝉加得,https://zhonger84482.lofter.com/post/4cc8f23d_2b4390359,https://zhonger84482.lofter.com/,2021-12-23,156,156,156,159,159,160,160,749,0,0,3,0,1,0,4
750,悔钟,text,苏辞,https://nuanxinlei.lofter.com/post/30fed260_2b437d23d,https://nuanxinlei.lofter.com/,2021-12-22,8,8,8,8,8,8,8,750,0,0,0,0,0,0,0
751,Speculum imaginis,text,金蝉加得,https://zhonger84482.lofter.com/post/4cc8f23d_2b437b937,https://zhonger84482.lofter.com/,2021-12-22,178,178,178,181,181,183,183,751,0,0,3,0,2,0,5
752,Speculum imaginis,text,金蝉加得,https://zhonger84482.lofter.com/post/4cc8f23d_2b436617e,https://zhonger84482.lofter.com/,2021-12-21,172,172,172,175,175,176,176,752,0,0,3,0,1,0,4
753,None,img,高锥克山谷的萝莉   ⃒⃘⃤,https://gaozhuikeshangudeluoli.lofter.com/post/1f9724ff_2b43594f4,https://gaozhuikeshangudeluoli.lofter.com/,2021-12-21,932,932,932,933,933,933,933,753,0,0,1,0,0,0,1
754,【授翻】德姆斯特朗的最佳学生（38）,text,moinmoin,https://moinmoin150.lofter.com/post/1ebe7c87_2b435b541,https://moinmoin150.lofter.com/,2021-12-21,67,67,67,67,67,67,67,754,0,0,0,0,0,0,0
755,Speculum imaginis,text,金蝉加得,https://zhonger84482.lofter.com/post/4cc8f23d_2b434cc60,https://zhonger84482.lofter.com/,2021-12-20,115,115,115,118,118,118,118,755,0,0,3,0,0,0,3
756,None,img,高锥克山谷的萝莉   ⃒⃘⃤,https://gaozhuikeshangudeluoli.lofter.com/post/1f9724ff_2b433ad3d,https://gaozhuikeshangudeluoli.lofter.com/,2021-12-20,86,86,86,86,86,86,86,756,0,0,0,0,0,0,0
757,Speculum imaginis,text,金蝉加得,https://zhonger84482.lofter.com/post/4cc8f23d_2b4338f09,https://zhonger84482.lofter.com/,2021-12-19,150,150,150,153,153,153,153,757,0,0,3,0,0,0,3
758,银头发的小姐,text,金蝉加得,https://zhonger84482.lofter.com/post/4cc8f23d_2b43315aa,https://zhonger84482.lofter.com/,2021-12-19,50,50,50,50,50,50,50,758,0,0,0,0,0,0,0
759,【授翻】始终是你（10/10）,text,moinmoin,https://moinmoin150.lofter.com/post/1ebe7c87_2b4328cdd,https://moinmoin150.lofter.com/,2021-12-19,190,190,191,191,191,191,191,759,0,1,0,0,0,0,1
760,自我拯救者 简介预收,text,꧁蓝奕꧂,https://fushangruomeng569.lofter.com/post/200a6a47_2b431bc78,https://fushangruomeng569.lofter.com/,2021-12-18,51,51,51,51,51,51,51,760,0,0,0,0,0,0,0
761,Speculum imaginis,text,金蝉加得,https://zhonger84482.lofter.com/post/4cc8f23d_2b431818d,https://zhonger84482.lofter.com/,2021-12-18,121,121,121,124,124,124,124,761,0,0,3,0,0,0,3
762,None,img,高锥克山谷的萝莉   ⃒⃘⃤,https://gaozhuikeshangudeluoli.lofter.com/post/1f9724ff_2b43102cd,https://gaozhuikeshangudeluoli.lofter.com/,2021-12-18,187,187,187,187,188,188,188,762,0,0,0,1,0,0,1
763,关于gg换演员个人想法？,text,千•瓦（格林德沃是我老婆 回复请先看简介）,https://kw26597.lofter.com/post/4b98fd4b_2b430f098,https://kw26597.lofter.com/,2021-12-18,63,63,64,64,64,64,64,763,0,1,0,0,0,0,1
764,None,img,高锥克山谷的萝莉   ⃒⃘⃤,https://gaozhuikeshangudeluoli.lofter.com/post/1f9724ff_2b430df3e,https://gaozhuikeshangudeluoli.lofter.com/,2021-12-18,59,59,59,59,59,59,59,764,0,0,0,0,0,0,0
765,Speculum imaginis,text,金蝉加得,https://zhonger84482.lofter.com/post/4cc8f23d_2b42f8a96,https://zhonger84482.lofter.com/,2021-12-17,152,152,152,155,155,155,155,765,0,0,3,0,0,0,3
766,Speculum imaginis,text,金蝉加得,https://zhonger84482.lofter.com/post/4cc8f23d_2b42f8e89,https://zhonger84482.lofter.com/,2021-12-17,139,139,139,142,142,142,142,766,0,0,3,0,0,0,3
767,题外话3,text,金蝉加得,https://zhonger84482.lofter.com/post/4cc8f23d_2b42e5b83,https://zhonger84482.lofter.com/,2021-12-16,29,29,29,29,29,29,29,767,0,0,0,0,0,0,0
768,点我进来讨论！（占tag致歉,text,千•瓦（格林德沃是我老婆 回复请先看简介）,https://kw26597.lofter.com/post/4b98fd4b_2b42e7d94,https://kw26597.lofter.com/,2021-12-16,6,6,6,6,6,6,6,768,0,0,0,0,0,0,0
769,None,img,高锥克山谷的萝莉   ⃒⃘⃤,https://gaozhuikeshangudeluoli.lofter.com/post/1f9724ff_2b42e1c8b,https://gaozhuikeshangudeluoli.lofter.com/,2021-12-16,312,312,312,312,312,312,312,769,0,0,0,0,0,0,0
770,事已至此|52.5少年组尾声|GGADGG无差|夏末至未,text,江流无舟,https://nuoseven.lofter.com/post/1d4e37d8_2b41b4daf,https://nuoseven.lofter.com/,2021-12-16,117,117,117,117,117,117,117,770,0,0,0,0,0,0,0
771,啊 所以说…,text,不见古时月,https://0287025880.lofter.com/post/4c02a134_2b42d6ccb,https://0287025880.lofter.com/,2021-12-16,22,22,22,22,22,22,22,771,0,0,0,0,0,0,0
772,None,img,我想吃頓飽飯,https://augustqingmo.lofter.com/post/1cca77b2_2b42d08bf,https://augustqingmo.lofter.com/,2021-12-15,42,42,43,43,43,43,43,772,0,1,0,0,0,0,1
773,Speculum imaginis,text,金蝉加得,https://zhonger84482.lofter.com/post/4cc8f23d_2b42d2e1d,https://zhonger84482.lofter.com/,2021-12-15,170,173,173,176,176,177,177,773,3,0,3,0,1,0,7
774,【授翻】始终是你（9/10）,text,moinmoin,https://moinmoin150.lofter.com/post/1ebe7c87_2b42c53ef,https://moinmoin150.lofter.com/,2021-12-15,179,179,179,179,179,179,179,774,0,0,0,0,0,0,0
775,Speculum imaginis,text,金蝉加得,https://zhonger84482.lofter.com/post/4cc8f23d_2b42b832b,https://zhonger84482.lofter.com/,2021-12-14,171,172,172,175,175,175,175,775,1,0,3,0,0,0,4
776,None,img,高锥克山谷的萝莉   ⃒⃘⃤,https://gaozhuikeshangudeluoli.lofter.com/post/1f9724ff_2b42bb00b,https://gaozhuikeshangudeluoli.lofter.com/,2021-12-14,393,393,393,393,393,393,393,776,0,0,0,0,0,0,0
777,【始终是你回溯2】迷人仲夏夜,text,moinmoin,https://moinmoin150.lofter.com/post/1ebe7c87_2b42af131,https://moinmoin150.lofter.com/,2021-12-14,159,159,161,161,161,161,161,777,0,2,0,0,0,0,2
778,None,img,高锥克山谷的萝莉   ⃒⃘⃤,https://gaozhuikeshangudeluoli.lofter.com/post/1f9724ff_2b42af3ee,https://gaozhuikeshangudeluoli.lofter.com/,2021-12-14,789,789,789,789,789,789,789,778,0,0,0,0,0,0,0
779,None,img,高锥克山谷的萝莉   ⃒⃘⃤,https://gaozhuikeshangudeluoli.lofter.com/post/1f9724ff_2b42a4cbf,https://gaozhuikeshangudeluoli.lofter.com/,2021-12-13,92,92,92,92,92,92,92,779,0,0,0,0,0,0,0
780,Speculum imaginis,text,金蝉加得,https://zhonger84482.lofter.com/post/4cc8f23d_2b42a5c52,https://zhonger84482.lofter.com/,2021-12-13,167,167,167,170,170,170,170,780,0,0,3,0,0,0,3
781,【授翻】始终是你（8下/10）,text,moinmoin,https://moinmoin150.lofter.com/post/1ebe7c87_2b427fbd7,https://moinmoin150.lofter.com/,2021-12-12,142,142,142,142,143,143,143,781,0,0,0,1,0,0,1
782,妈妈为何不要我（8）,text,高锥克山谷的萝莉   ⃒⃘⃤,https://gaozhuikeshangudeluoli.lofter.com/post/1f9724ff_2b428a159,https://gaozhuikeshangudeluoli.lofter.com/,2021-12-12,153,153,154,154,154,154,154,782,0,1,0,0,0,0,1
783,题外话2,text,金蝉加得,https://zhonger84482.lofter.com/post/4cc8f23d_2b4289855,https://zhonger84482.lofter.com/,2021-12-12,47,47,47,47,47,47,47,783,0,0,0,0,0,0,0
784,Speculum imaginis,text,金蝉加得,https://zhonger84482.lofter.com/post/4cc8f23d_2b4286e58,https://zhonger84482.lofter.com/,2021-12-12,219,219,219,222,222,223,223,784,0,0,3,0,1,0,4
785,【授翻】始终是你（8上/10）,text,moinmoin,https://moinmoin150.lofter.com/post/1ebe7c87_2b427c90e,https://moinmoin150.lofter.com/,2021-12-12,181,181,181,181,181,181,181,785,0,0,0,0,0,0,0
786,ADGG-懦弱、勇气与偏执 第五章,text,千•瓦（格林德沃是我老婆 回复请先看简介）,https://kw26597.lofter.com/post/4b98fd4b_2b4277adc,https://kw26597.lofter.com/,2021-12-12,32,32,32,32,32,32,32,786,0,0,0,0,0,0,0
787,题外话,text,金蝉加得,https://zhonger84482.lofter.com/post/4cc8f23d_2b4271af8,https://zhonger84482.lofter.com/,2021-12-11,71,71,71,73,73,73,73,787,0,0,2,0,0,0,2
788,Speculum imaginis,text,金蝉加得,https://zhonger84482.lofter.com/post/4cc8f23d_2b427084d,https://zhonger84482.lofter.com/,2021-12-11,192,195,195,198,198,198,198,788,3,0,3,0,0,0,6
789,None,img,高锥克山谷的萝莉   ⃒⃘⃤,https://gaozhuikeshangudeluoli.lofter.com/post/1f9724ff_2b426918d,https://gaozhuikeshangudeluoli.lofter.com/,2021-12-11,720,720,720,720,720,720,720,789,0,0,0,0,0,0,0
790,None,img,高锥克山谷的萝莉   ⃒⃘⃤,https://gaozhuikeshangudeluoli.lofter.com/post/1f9724ff_2b4269143,https://gaozhuikeshangudeluoli.lofter.com/,2021-12-11,748,748,748,748,748,748,748,790,0,0,0,0,0,0,0
791,世上最短章节,text,XYan,https://xyans.lofter.com/post/4c54b97f_2b425e424,https://xyans.lofter.com/,2021-12-11,37,37,37,37,37,37,37,791,0,0,0,0,0,0,0
792,None,img,普G就是最好的,https://niannian936.lofter.com/post/3105e72e_2b425126c,https://niannian936.lofter.com/,2021-12-10,78,78,78,78,78,78,78,792,0,0,0,0,0,0,0
793,Speculum imaginis,text,金蝉加得,https://zhonger84482.lofter.com/post/4cc8f23d_2b4251c99,https://zhonger84482.lofter.com/,2021-12-10,156,158,158,161,161,161,161,793,2,0,3,0,0,0,5
794,ADGG-懦弱、勇气与偏执 第四章,text,千•瓦（格林德沃是我老婆 回复请先看简介）,https://kw26597.lofter.com/post/4b98fd4b_2b424d732,https://kw26597.lofter.com/,2021-12-10,39,39,39,39,39,39,39,794,0,0,0,0,0,0,0
795,【授翻】始终是你（7/10）,text,moinmoin,https://moinmoin150.lofter.com/post/1ebe7c87_2b42410ab,https://moinmoin150.lofter.com/,2021-12-10,229,229,229,229,229,229,229,795,0,0,0,0,0,0,0
796,Speculum imaginis,text,金蝉加得,https://zhonger84482.lofter.com/post/4cc8f23d_2b423a0af,https://zhonger84482.lofter.com/,2021-12-09,175,175,175,178,178,178,178,796,0,0,3,0,0,0,3
797,【始终是你回溯】关于为什么进青少年房间前要记得先敲门,text,moinmoin,https://moinmoin150.lofter.com/post/1ebe7c87_2b422e22d,https://moinmoin150.lofter.com/,2021-12-09,214,214,215,215,215,215,215,797,0,1,0,0,0,0,1
798,Speculum imaginis,text,金蝉加得,https://zhonger84482.lofter.com/post/4cc8f23d_2b42226ff,https://zhonger84482.lofter.com/,2021-12-08,169,169,169,172,173,173,173,798,0,0,3,1,0,0,4
799,占致歉,text,千•瓦（格林德沃是我老婆 回复请先看简介）,https://kw26597.lofter.com/post/4b98fd4b_2b421f458,https://kw26597.lofter.com/,2021-12-08,2,2,2,2,2,2,2,799,0,0,0,0,0,0,0
800,【授翻】始终是你（6/10）,text,moinmoin,https://moinmoin150.lofter.com/post/1ebe7c87_2b4217820,https://moinmoin150.lofter.com/,2021-12-08,196,196,196,196,196,196,196,800,0,0,0,0,0,0,0
801,Speculum imaginis,text,金蝉加得,https://zhonger84482.lofter.com/post/4cc8f23d_2b420f2a2,https://zhonger84482.lofter.com/,2021-12-07,188,190,190,193,193,194,194,801,2,0,3,0,1,0,6
802,【授翻】始终是你（5/10）,text,moinmoin,https://moinmoin150.lofter.com/post/1ebe7c87_2b4205713,https://moinmoin150.lofter.com/,2021-12-07,239,239,240,240,240,240,240,802,0,1,0,0,0,0,1
803,Speculum imaginis,text,金蝉加得,https://zhonger84482.lofter.com/post/4cc8f23d_2b41f9b6e,https://zhonger84482.lofter.com/,2021-12-06,120,120,120,123,123,123,123,803,0,0,3,0,0,0,3
804,Speculum imaginis,text,金蝉加得,https://zhonger84482.lofter.com/post/4cc8f23d_2b41fe36f,https://zhonger84482.lofter.com/,2021-12-06,137,137,137,140,140,141,141,804,0,0,3,0,1,0,4
805,GGAD/他的名字,text,Wik_Z（随缘更新的鸽子）,https://ggad619745.lofter.com/post/73b69a7f_2b41fc43b,https://ggad619745.lofter.com/,2021-12-06,83,83,83,83,83,83,83,805,0,0,0,0,0,0,0
806,【授翻】始终是你（4/10）,text,moinmoin,https://moinmoin150.lofter.com/post/1ebe7c87_2b41f0659,https://moinmoin150.lofter.com/,2021-12-06,310,310,311,311,312,312,312,806,0,1,0,1,0,0,2
807,Speculum imaginis,text,金蝉加得,https://zhonger84482.lofter.com/post/4cc8f23d_2b41e254c,https://zhonger84482.lofter.com/,2021-12-05,164,164,164,167,167,167,167,807,0,0,3,0,0,0,3
808,七个葫芦和葫芦娃（下）,text,XYan,https://xyans.lofter.com/post/4c54b97f_2b41d7aff,https://xyans.lofter.com/,2021-12-05,18,18,18,18,18,18,18,808,0,0,0,0,0,0,0
809,【授翻】始终是你（3/10）,text,moinmoin,https://moinmoin150.lofter.com/post/1ebe7c87_2b41d2021,https://moinmoin150.lofter.com/,2021-12-05,284,284,284,284,285,285,285,809,0,0,0,1,0,0,1
810,灵魂即躯体,text,落日熔金,https://scp049632.lofter.com/post/20265681_2b41cbc70,https://scp049632.lofter.com/,2021-12-04,40,40,40,40,40,40,40,810,0,0,0,0,0,0,0
811,Speculum imaginis,text,金蝉加得,https://zhonger84482.lofter.com/post/4cc8f23d_2b41c5375,https://zhonger84482.lofter.com/,2021-12-04,148,148,148,151,151,151,151,811,0,0,3,0,0,0,3
812,【GGAD/ADGG】旅行者,text,浅时wwww,https://lihunlucengjing.lofter.com/post/1fd7eaca_2b41b94d4,https://lihunlucengjing.lofter.com/,2021-12-04,29,29,29,29,29,29,29,812,0,0,0,0,0,0,0
813,【GGADGG】仿生盖勒特会梦见电子阿不思吗 （上）,text,TWLUNA,https://ichwhite.lofter.com/post/31d4be8f_2b41b6a9e,https://ichwhite.lofter.com/,2021-12-04,51,51,51,51,51,51,51,813,0,0,0,0,0,0,0
814,【授翻】始终是你（2/10）,text,moinmoin,https://moinmoin150.lofter.com/post/1ebe7c87_2b41b5e38,https://moinmoin150.lofter.com/,2021-12-04,363,363,363,363,364,364,364,814,0,0,0,1,0,0,1
815,ADGG-懦弱、勇气与偏执 第三章,text,千•瓦（格林德沃是我老婆 回复请先看简介）,https://kw26597.lofter.com/post/4b98fd4b_2b41b3c94,https://kw26597.lofter.com/,2021-12-04,41,41,41,41,41,41,41,815,0,0,0,0,0,0,0
816,杀人葫芦与葫芦娃（中）,text,XYan,https://xyans.lofter.com/post/4c54b97f_2b41b16f6,https://xyans.lofter.com/,2021-12-04,21,21,21,21,21,21,21,816,0,0,0,0,0,0,0
817,Speculum imaginis,text,金蝉加得,https://zhonger84482.lofter.com/post/4cc8f23d_2b41a9266,https://zhonger84482.lofter.com/,2021-12-03,167,167,167,170,170,170,170,817,0,0,3,0,0,0,3
818,ADGG-懦弱、勇气与偏执 第二章,text,千•瓦（格林德沃是我老婆 回复请先看简介）,https://kw26597.lofter.com/post/4b98fd4b_2b41a8938,https://kw26597.lofter.com/,2021-12-03,39,39,39,39,39,39,39,818,0,0,0,0,0,0,0
819,【授翻】始终是你（1/10）,text,moinmoin,https://moinmoin150.lofter.com/post/1ebe7c87_2b4199f3a,https://moinmoin150.lofter.com/,2021-12-03,597,598,601,603,605,606,606,819,1,3,2,2,1,0,9
820,ADGG-懦弱、勇气与偏执 第一章,text,千•瓦（格林德沃是我老婆 回复请先看简介）,https://kw26597.lofter.com/post/4b98fd4b_2b4199381,https://kw26597.lofter.com/,2021-12-03,59,59,59,59,59,59,59,820,0,0,0,0,0,0,0
821,Speculum imaginis,text,金蝉加得,https://zhonger84482.lofter.com/post/4cc8f23d_2b4195b6b,https://zhonger84482.lofter.com/,2021-12-02,190,189,189,192,192,192,192,821,-1,0,3,0,0,0,2
822,ADGG 懦弱、勇气与偏执 大纲&预警,text,千•瓦（格林德沃是我老婆 回复请先看简介）,https://kw26597.lofter.com/post/4b98fd4b_2b4191501,https://kw26597.lofter.com/,2021-12-02,44,44,44,44,45,45,45,822,0,0,0,1,0,0,1
823,杀人葫芦与葫芦娃（上）,text,XYan,https://xyans.lofter.com/post/4c54b97f_2b4189558,https://xyans.lofter.com/,2021-12-02,20,21,21,21,21,21,21,823,1,0,0,0,0,0,1
824,Speculum imaginis,text,金蝉加得,https://zhonger84482.lofter.com/post/4cc8f23d_2b417ce24,https://zhonger84482.lofter.com/,2021-12-01,185,185,185,188,188,188,188,824,0,0,3,0,0,0,3
825,纽特的宠物小鸡（大纲）,text,高锥克山谷的萝莉   ⃒⃘⃤,https://gaozhuikeshangudeluoli.lofter.com/post/1f9724ff_2b416a05d,https://gaozhuikeshangudeluoli.lofter.com/,2021-11-30,88,88,88,88,88,88,88,825,0,0,0,0,0,0,0
826,Speculum imaginis,text,金蝉加得,https://zhonger84482.lofter.com/post/4cc8f23d_2b4167712,https://zhonger84482.lofter.com/,2021-11-30,210,210,210,213,213,213,213,826,0,0,3,0,0,0,3
827,【翻译】日久拆人心,text,moinmoin,https://moinmoin150.lofter.com/post/1ebe7c87_2b415c38a,https://moinmoin150.lofter.com/,2021-11-30,93,94,94,94,94,94,94,827,1,0,0,0,0,0,1
828,「adgg」First Time,text,脑袋空空,https://oao60.lofter.com/post/1e5f7044_2b41576d5,https://oao60.lofter.com/,2021-11-30,24,24,24,24,24,24,24,828,0,0,0,0,0,0,0
829,None,img,moinmoin,https://moinmoin150.lofter.com/post/1ebe7c87_2b4159b35,https://moinmoin150.lofter.com/,2021-11-30,981,982,982,984,986,986,986,829,1,0,2,2,0,0,5
830,None,img,高锥克山谷的萝莉   ⃒⃘⃤,https://gaozhuikeshangudeluoli.lofter.com/post/1f9724ff_2b415297b,https://gaozhuikeshangudeluoli.lofter.com/,2021-11-29,12559,12569,12576,12585,12589,12595,12595,830,10,7,9,4,6,0,36
831,Speculum imaginis,text,金蝉加得,https://zhonger84482.lofter.com/post/4cc8f23d_2b415036f,https://zhonger84482.lofter.com/,2021-11-29,221,221,221,224,224,224,224,831,0,0,3,0,0,0,3
832,None,img,高锥克山谷的萝莉   ⃒⃘⃤,https://gaozhuikeshangudeluoli.lofter.com/post/1f9724ff_2b414d251,https://gaozhuikeshangudeluoli.lofter.com/,2021-11-29,1707,1707,1707,1708,1708,1708,1708,832,0,0,1,0,0,0,1
833,【重发】练车8,text,moinmoin,https://moinmoin150.lofter.com/post/1ebe7c87_2b4149532,https://moinmoin150.lofter.com/,2021-11-29,53,53,53,53,53,53,53,833,0,0,0,0,0,0,0
834,替代品,text,moinmoin,https://moinmoin150.lofter.com/post/1ebe7c87_2b4140be3,https://moinmoin150.lofter.com/,2021-11-29,116,116,116,116,116,116,116,834,0,0,0,0,0,0,0
835,我爸总让我杀了我爹（22）,text,高锥克山谷的萝莉   ⃒⃘⃤,https://gaozhuikeshangudeluoli.lofter.com/post/1f9724ff_2b413574e,https://gaozhuikeshangudeluoli.lofter.com/,2021-11-28,413,413,414,414,414,414,414,835,0,1,0,0,0,0,1
836,Speculum imaginis,text,金蝉加得,https://zhonger84482.lofter.com/post/4cc8f23d_2b4130a1d,https://zhonger84482.lofter.com/,2021-11-28,178,178,178,181,181,181,181,836,0,0,3,0,0,0,3
837,GGAD/一只红棕色的猫【番外】,text,Wik_Z（随缘更新的鸽子）,https://ggad619745.lofter.com/post/73b69a7f_2b411c80e,https://ggad619745.lofter.com/,2021-11-28,188,188,188,188,187,187,187,837,0,0,0,-1,0,0,-1
838,Speculum imaginis,text,金蝉加得,https://zhonger84482.lofter.com/post/4cc8f23d_2b411ba3d,https://zhonger84482.lofter.com/,2021-11-27,183,185,185,188,189,189,189,838,2,0,3,1,0,0,6
839,None,img,金曲捞,https://yonghu7529670368.lofter.com/post/4c93ab2c_2b41131e1,https://yonghu7529670368.lofter.com/,2021-11-27,26,26,26,26,26,26,26,839,0,0,0,0,0,0,0
840,Speculum imaginis,text,金蝉加得,https://zhonger84482.lofter.com/post/4cc8f23d_2b40fc086,https://zhonger84482.lofter.com/,2021-11-26,192,194,194,197,198,198,198,840,2,0,3,1,0,0,6
841,「ADGG」囚徒困境,text,脑袋空空,https://oao60.lofter.com/post/1e5f7044_2b40ee190,https://oao60.lofter.com/,2021-11-25,42,42,42,42,41,41,41,841,0,0,0,-1,0,0,-1
842,Speculum imaginis,text,金蝉加得,https://zhonger84482.lofter.com/post/4cc8f23d_2b40e5900,https://zhonger84482.lofter.com/,2021-11-25,172,173,173,176,176,176,176,842,1,0,3,0,0,0,4
843,【ADgg】练车7,text,moinmoin,https://moinmoin150.lofter.com/post/1ebe7c87_2b40da21f,https://moinmoin150.lofter.com/,2021-11-25,127,127,128,130,130,130,130,843,0,1,2,0,0,0,3
844,姑婆家的邻居很烦人 2,text,꧁蓝奕꧂,https://fushangruomeng569.lofter.com/post/200a6a47_2b40b35f2,https://fushangruomeng569.lofter.com/,2021-11-25,74,74,74,74,74,74,74,844,0,0,0,0,0,0,0
845,None,img,叶坎宁,https://mm798013.lofter.com/post/1d13648d_2b40d3958,https://mm798013.lofter.com/,2021-11-25,17,17,17,17,17,17,17,845,0,0,0,0,0,0,0
846,None,img,高锥克山谷的萝莉   ⃒⃘⃤,https://gaozhuikeshangudeluoli.lofter.com/post/1f9724ff_2b40d20dd,https://gaozhuikeshangudeluoli.lofter.com/,2021-11-24,299,299,299,299,299,299,299,846,0,0,0,0,0,0,0
847,感恩节火鸡,text,高锥克山谷的萝莉   ⃒⃘⃤,https://gaozhuikeshangudeluoli.lofter.com/post/1f9724ff_2b40d1534,https://gaozhuikeshangudeluoli.lofter.com/,2021-11-24,115,115,115,115,115,115,115,847,0,0,0,0,0,0,0
848,Speculum imaginis,text,金蝉加得,https://zhonger84482.lofter.com/post/4cc8f23d_2b40d1f26,https://zhonger84482.lofter.com/,2021-11-24,215,216,216,219,220,220,220,848,1,0,3,1,0,0,5
849,None,img,高锥克山谷的萝莉   ⃒⃘⃤,https://gaozhuikeshangudeluoli.lofter.com/post/1f9724ff_2b40cae7e,https://gaozhuikeshangudeluoli.lofter.com/,2021-11-24,3749,3749,3749,3751,3751,3752,3752,849,0,0,2,0,1,0,3
850,Speculum imaginis,text,金蝉加得,https://zhonger84482.lofter.com/post/4cc8f23d_2b40bda97,https://zhonger84482.lofter.com/,2021-11-23,176,176,176,179,179,179,179,850,0,0,3,0,0,0,3
851,None,img,燃梦*初心,https://ranmengchuxin.lofter.com/post/30f28d8b_2b40bb34b,https://ranmengchuxin.lofter.com/,2021-11-23,29,29,29,29,29,29,29,851,0,0,0,0,0,0,0
852,None,img,moinmoin,https://moinmoin150.lofter.com/post/1ebe7c87_2b40aa049,https://moinmoin150.lofter.com/,2021-11-22,56,56,57,57,57,57,57,852,0,1,0,0,0,0,1
853,Speculum imaginis,text,金蝉加得,https://zhonger84482.lofter.com/post/4cc8f23d_2b40a6829,https://zhonger84482.lofter.com/,2021-11-22,201,201,201,204,204,205,205,853,0,0,3,0,1,0,4
854,None,img,高锥克山谷的萝莉   ⃒⃘⃤,https://gaozhuikeshangudeluoli.lofter.com/post/1f9724ff_2b40a3e55,https://gaozhuikeshangudeluoli.lofter.com/,2021-11-22,126,127,127,127,127,127,127,854,1,0,0,0,0,0,1
855,None,img,_mepha,https://crowley645.lofter.com/post/1f37dea4_2b409fd36,https://crowley645.lofter.com/,2021-11-22,28,28,28,28,28,28,28,855,0,0,0,0,0,0,0
856,人设翻转（大纲）,text,高锥克山谷的萝莉   ⃒⃘⃤,https://gaozhuikeshangudeluoli.lofter.com/post/1f9724ff_2b40a0421,https://gaozhuikeshangudeluoli.lofter.com/,2021-11-22,33,33,33,33,33,33,33,856,0,0,0,0,0,0,0
857,Speculum imaginis,text,金蝉加得,https://zhonger84482.lofter.com/post/4cc8f23d_2b408f958,https://zhonger84482.lofter.com/,2021-11-21,208,208,208,211,211,211,211,857,0,0,3,0,0,0,3
858,妈妈为何不要我（7）,text,高锥克山谷的萝莉   ⃒⃘⃤,https://gaozhuikeshangudeluoli.lofter.com/post/1f9724ff_2b408aed7,https://gaozhuikeshangudeluoli.lofter.com/,2021-11-21,167,167,167,167,167,167,167,858,0,0,0,0,0,0,0
859,（allgg cp未定）我家蝈蝈成精了？7～9,text,千•瓦（格林德沃是我老婆 回复请先看简介）,https://kw26597.lofter.com/post/4b98fd4b_2b4083e50,https://kw26597.lofter.com/,2021-11-21,19,19,19,19,19,19,19,859,0,0,0,0,0,0,0
860,ADGG/一只红棕色的猫,text,Wik_Z（随缘更新的鸽子）,https://ggad619745.lofter.com/post/73b69a7f_2b407ab73,https://ggad619745.lofter.com/,2021-11-21,322,322,322,322,322,322,322,860,0,0,0,0,0,0,0
861,None,img,moinmoin,https://moinmoin150.lofter.com/post/1ebe7c87_2b407b685,https://moinmoin150.lofter.com/,2021-11-21,184,184,184,184,184,184,184,861,0,0,0,0,0,0,0
862,第三黑魔王,text,高锥克山谷的萝莉   ⃒⃘⃤,https://gaozhuikeshangudeluoli.lofter.com/post/1f9724ff_2b406f309,https://gaozhuikeshangudeluoli.lofter.com/,2021-11-20,35,35,35,35,35,35,35,862,0,0,0,0,0,0,0
863,Speculum imaginis,text,金蝉加得,https://zhonger84482.lofter.com/post/4cc8f23d_2b406b591,https://zhonger84482.lofter.com/,2021-11-20,183,185,185,188,188,188,188,863,2,0,3,0,0,0,5
864,None,img,高锥克山谷的萝莉   ⃒⃘⃤,https://gaozhuikeshangudeluoli.lofter.com/post/1f9724ff_2b4060df5,https://gaozhuikeshangudeluoli.lofter.com/,2021-11-20,206,206,206,206,206,205,205,864,0,0,0,0,-1,0,-1
865,None,img,高锥克山谷的萝莉   ⃒⃘⃤,https://gaozhuikeshangudeluoli.lofter.com/post/1f9724ff_2b40575e1,https://gaozhuikeshangudeluoli.lofter.com/,2021-11-19,59,59,59,59,59,59,59,865,0,0,0,0,0,0,0
866,None,img,高锥克山谷的萝莉   ⃒⃘⃤,https://gaozhuikeshangudeluoli.lofter.com/post/1f9724ff_2b4056dd2,https://gaozhuikeshangudeluoli.lofter.com/,2021-11-19,45,45,45,45,45,45,45,866,0,0,0,0,0,0,0
867,短篇）画向日葵的女孩 下,text,千•瓦（格林德沃是我老婆 回复请先看简介）,https://kw26597.lofter.com/post/4b98fd4b_2b404e784,https://kw26597.lofter.com/,2021-11-19,60,60,60,60,60,60,60,867,0,0,0,0,0,0,0
868,Speculum imaginis,text,金蝉加得,https://zhonger84482.lofter.com/post/4cc8f23d_2b4051fe7,https://zhonger84482.lofter.com/,2021-11-19,177,177,177,180,180,180,180,868,0,0,3,0,0,0,3
869,短篇）画向日葵的女孩 中,text,千•瓦（格林德沃是我老婆 回复请先看简介）,https://kw26597.lofter.com/post/4b98fd4b_2b404e2be,https://kw26597.lofter.com/,2021-11-19,36,36,37,37,37,37,37,869,0,1,0,0,0,0,1
870,Speculum imaginis,text,金蝉加得,https://zhonger84482.lofter.com/post/4cc8f23d_2b40365ac,https://zhonger84482.lofter.com/,2021-11-18,217,217,217,220,221,221,221,870,0,0,3,1,0,0,4
871,事已至此|GGADGG|gG主场番外|中,text,江流无舟,https://nuoseven.lofter.com/post/1d4e37d8_2b403484c,https://nuoseven.lofter.com/,2021-11-18,71,71,71,71,71,72,72,871,0,0,0,0,1,0,1
872,颠倒 第二章,text,꧁蓝奕꧂,https://fushangruomeng569.lofter.com/post/200a6a47_2b4029f05,https://fushangruomeng569.lofter.com/,2021-11-18,85,85,85,85,85,85,85,872,0,0,0,0,0,0,0
873,颠倒 第一章,text,꧁蓝奕꧂,https://fushangruomeng569.lofter.com/post/200a6a47_2b400dd2f,https://fushangruomeng569.lofter.com/,2021-11-17,96,96,96,96,96,96,96,873,0,0,0,0,0,0,0
874,Speculum imaginis,text,金蝉加得,https://zhonger84482.lofter.com/post/4cc8f23d_2b40259bc,https://zhonger84482.lofter.com/,2021-11-17,220,221,221,224,224,224,224,874,1,0,3,0,0,0,4
875,None,img,高锥克山谷的萝莉   ⃒⃘⃤,https://gaozhuikeshangudeluoli.lofter.com/post/1f9724ff_2b401e341,https://gaozhuikeshangudeluoli.lofter.com/,2021-11-17,467,467,468,468,468,468,468,875,0,1,0,0,0,0,1
876,None,img,Difan,https://siyu203601.lofter.com/post/320fef52_2b401f8af,https://siyu203601.lofter.com/,2021-11-17,38,38,38,38,38,38,38,876,0,0,0,0,0,0,0
877,脑洞整理,text,高锥克山谷的萝莉   ⃒⃘⃤,https://gaozhuikeshangudeluoli.lofter.com/post/1f9724ff_2b401e5ce,https://gaozhuikeshangudeluoli.lofter.com/,2021-11-17,51,51,51,51,51,51,51,877,0,0,0,0,0,0,0
878,None,img,捺伊、,https://kanwowenqaq.lofter.com/post/4cf256d6_2b4017758,https://kanwowenqaq.lofter.com/,2021-11-16,13,13,13,13,13,13,13,878,0,0,0,0,0,0,0
879,钙片（真实事件,text,千•瓦（格林德沃是我老婆 回复请先看简介）,https://kw26597.lofter.com/post/4b98fd4b_2b400e165,https://kw26597.lofter.com/,2021-11-16,8,8,8,8,8,8,8,879,0,0,0,0,0,0,0
880,Speculum imaginis,text,金蝉加得,https://zhonger84482.lofter.com/post/4cc8f23d_2b400dad0,https://zhonger84482.lofter.com/,2021-11-16,225,225,225,228,228,228,228,880,0,0,3,0,0,0,3
881,梅维斯认为自己如果去霍格沃兹一定会被分到格兰芬多,text,叶坎宁,https://mm798013.lofter.com/post/1d13648d_2b400e1c2,https://mm798013.lofter.com/,2021-11-16,17,17,17,17,17,17,17,881,0,0,0,0,0,0,0
882,求文,text,你是吃可爱长大的吗ớ ₃ờ,https://yuan9776.lofter.com/post/1e447d06_2b400bb59,https://yuan9776.lofter.com/,2021-11-16,28,28,28,28,28,28,28,882,0,0,0,0,0,0,0
883,None,img,高锥克山谷的萝莉   ⃒⃘⃤,https://gaozhuikeshangudeluoli.lofter.com/post/1f9724ff_2b400627a,https://gaozhuikeshangudeluoli.lofter.com/,2021-11-16,63,63,63,63,63,63,63,883,0,0,0,0,0,0,0
884,真与假,text,moinmoin,https://moinmoin150.lofter.com/post/1ebe7c87_2b400167c,https://moinmoin150.lofter.com/,2021-11-16,109,109,109,110,110,111,111,884,0,0,1,0,1,0,2
885,我爸总让我杀了我爹（21）,text,高锥克山谷的萝莉   ⃒⃘⃤,https://gaozhuikeshangudeluoli.lofter.com/post/1f9724ff_2b3ff8992,https://gaozhuikeshangudeluoli.lofter.com/,2021-11-15,408,408,408,408,408,408,408,885,0,0,0,0,0,0,0
886,Speculum imaginis,text,金蝉加得,https://zhonger84482.lofter.com/post/4cc8f23d_2b3fefdaf,https://zhonger84482.lofter.com/,2021-11-14,206,206,206,209,209,210,210,886,0,0,3,0,1,0,4
887,【ADGG】穿越恶毒男配后我与主角HE了,text,四喜,https://2149602798.lofter.com/post/4b5c53e3_2b3f39bf2,https://2149602798.lofter.com/,2021-11-14,153,153,153,153,153,153,153,887,0,0,0,0,0,0,0
888,None,img,高锥克山谷的萝莉   ⃒⃘⃤,https://gaozhuikeshangudeluoli.lofter.com/post/1f9724ff_2b3fe17ee,https://gaozhuikeshangudeluoli.lofter.com/,2021-11-14,490,490,490,490,490,490,490,888,0,0,0,0,0,0,0
889,Speculum imaginis,text,金蝉加得,https://zhonger84482.lofter.com/post/4cc8f23d_2b3fdaa60,https://zhonger84482.lofter.com/,2021-11-14,245,247,247,250,250,250,250,889,2,0,3,0,0,0,5
890,None,img,高锥克山谷的萝莉   ⃒⃘⃤,https://gaozhuikeshangudeluoli.lofter.com/post/1f9724ff_2b3fd81fc,https://gaozhuikeshangudeluoli.lofter.com/,2021-11-14,97,97,97,97,97,97,97,890,0,0,0,0,0,0,0
891,短篇）画向日葵的女孩 上,text,千•瓦（格林德沃是我老婆 回复请先看简介）,https://kw26597.lofter.com/post/4b98fd4b_2b3fd1687,https://kw26597.lofter.com/,2021-11-13,65,65,66,66,66,66,66,891,0,1,0,0,0,0,1
892,None,img,苦香瓜,https://921528781.lofter.com/post/1e17aac8_2b3fc4218,https://921528781.lofter.com/,2021-11-13,35,35,35,35,35,35,35,892,0,0,0,0,0,0,0
893,Speculum imaginis,text,金蝉加得,https://zhonger84482.lofter.com/post/4cc8f23d_2b3fc2f10,https://zhonger84482.lofter.com/,2021-11-13,203,203,203,206,206,206,206,893,0,0,3,0,0,0,3
894,花吐症,text,XYan,https://xyans.lofter.com/post/4c54b97f_2b3fbb602,https://xyans.lofter.com/,2021-11-13,136,136,136,136,137,137,137,894,0,0,0,1,0,0,1
895,Speculum imaginis,text,金蝉加得,https://zhonger84482.lofter.com/post/4cc8f23d_2b3fa598d,https://zhonger84482.lofter.com/,2021-11-12,237,237,237,240,240,240,240,895,0,0,3,0,0,0,3
896,（allgg cp未定）我家蝈蝈……成精了？！（1～6）,text,千•瓦（格林德沃是我老婆 回复请先看简介）,https://kw26597.lofter.com/post/4b98fd4b_2b3fa90f7,https://kw26597.lofter.com/,2021-11-12,20,20,20,20,20,20,20,896,0,0,0,0,0,0,0
897,None,img,moinmoin,https://moinmoin150.lofter.com/post/1ebe7c87_2b3f979b7,https://moinmoin150.lofter.com/,2021-11-11,248,248,248,248,248,248,248,897,0,0,0,0,0,0,0
898,事已至此|GGADGG|gG主场番外|上,text,江流无舟,https://nuoseven.lofter.com/post/1d4e37d8_2b3f96f9c,https://nuoseven.lofter.com/,2021-11-11,91,91,91,91,91,93,93,898,0,0,0,0,2,0,2
899,姑婆的邻居很烦人 1,text,꧁蓝奕꧂,https://fushangruomeng569.lofter.com/post/200a6a47_2b3ea4727,https://fushangruomeng569.lofter.com/,2021-11-11,197,197,197,197,197,197,197,899,0,0,0,0,0,0,0
900,黑魔王朴实无华的一天,text,著名熊控＆口嗨老师,https://fuwangshangxian.lofter.com/post/31e7aeda_2b3f83dfd,https://fuwangshangxian.lofter.com/,2021-11-11,217,217,217,217,217,217,217,900,0,0,0,0,0,0,0
901,Speculum imaginis,text,金蝉加得,https://zhonger84482.lofter.com/post/4cc8f23d_2b3f8170a,https://zhonger84482.lofter.com/,2021-11-10,231,231,231,234,234,235,235,901,0,0,3,0,1,0,4
902,Speculum imaginis,text,金蝉加得,https://zhonger84482.lofter.com/post/4cc8f23d_2b3f72064,https://zhonger84482.lofter.com/,2021-11-10,209,209,209,212,212,212,212,902,0,0,3,0,0,0,3
903,Speculum imaginis,text,金蝉加得,https://zhonger84482.lofter.com/post/4cc8f23d_2b3f5ee39,https://zhonger84482.lofter.com/,2021-11-09,221,223,223,226,226,227,227,903,2,0,3,0,1,0,6
904,None,img,高锥克山谷的萝莉   ⃒⃘⃤,https://gaozhuikeshangudeluoli.lofter.com/post/1f9724ff_2b3f561da,https://gaozhuikeshangudeluoli.lofter.com/,2021-11-08,116,116,116,116,116,116,116,904,0,0,0,0,0,0,0
905,Speculum imaginis,text,金蝉加得,https://zhonger84482.lofter.com/post/4cc8f23d_2b3f47f39,https://zhonger84482.lofter.com/,2021-11-08,224,224,224,225,225,226,226,905,0,0,1,0,1,0,2
906,镜子里的陌生人,text,moinmoin,https://moinmoin150.lofter.com/post/1ebe7c87_2b3f3e91c,https://moinmoin150.lofter.com/,2021-11-07,780,783,785,790,791,794,794,906,3,2,5,1,3,0,14
907,「ADGG」巴黎进行时（全）,text,脑袋空空,https://oao60.lofter.com/post/1e5f7044_2b3f40efe,https://oao60.lofter.com/,2021-11-07,68,68,68,68,68,68,68,907,0,0,0,0,0,0,0
908,【ADGG】野百合 2,text,TWLUNA,https://ichwhite.lofter.com/post/31d4be8f_2b3f3316c,https://ichwhite.lofter.com/,2021-11-07,24,24,24,24,24,24,24,908,0,0,0,0,0,0,0
909,始终,text,不夙则莫,https://jennyginnypotter.lofter.com/post/4803fd_2b3f3784e,https://jennyginnypotter.lofter.com/,2021-11-07,13,13,13,13,13,13,13,909,0,0,0,0,0,0,0
910,Speculum imaginis,text,金蝉加得,https://zhonger84482.lofter.com/post/4cc8f23d_2b3f28af0,https://zhonger84482.lofter.com/,2021-11-07,253,253,253,256,256,259,259,910,0,0,3,0,3,0,6
911,妈妈为何不要我？（6）,text,高锥克山谷的萝莉   ⃒⃘⃤,https://gaozhuikeshangudeluoli.lofter.com/post/1f9724ff_2b3f2161e,https://gaozhuikeshangudeluoli.lofter.com/,2021-11-06,175,175,175,175,175,175,175,911,0,0,0,0,0,0,0
912,【热望4】又名：戈德里克山谷艳情轶事（完结篇）,text,卿卿子鲸,https://qingqingzijing837.lofter.com/post/1faab3da_2b3f20a7a,https://qingqingzijing837.lofter.com/,2021-11-06,30,30,30,30,30,30,30,912,0,0,0,0,0,0,0
913,Speculum imaginis,text,金蝉加得,https://zhonger84482.lofter.com/post/4cc8f23d_2b3f14bc5,https://zhonger84482.lofter.com/,2021-11-06,168,168,168,171,171,172,172,913,0,0,3,0,1,0,4
914,adgg超短篇 八颗糖,text,千•瓦（格林德沃是我老婆 回复请先看简介）,https://kw26597.lofter.com/post/4b98fd4b_2b3ef8d51,https://kw26597.lofter.com/,2021-11-05,50,51,52,52,52,52,52,914,1,1,0,0,0,0,2
915,Speculum imaginis,text,金蝉加得,https://zhonger84482.lofter.com/post/4cc8f23d_2b3ef2a41,https://zhonger84482.lofter.com/,2021-11-05,224,224,224,227,227,227,227,915,0,0,3,0,0,0,3
916,梅维斯认为自己如果去霍格沃兹一定会被分到格兰芬多,text,叶坎宁,https://mm798013.lofter.com/post/1d13648d_2b3ef0c73,https://mm798013.lofter.com/,2021-11-05,19,19,19,19,19,19,19,916,0,0,0,0,0,0,0
917,None,img,高锥克山谷的萝莉   ⃒⃘⃤,https://gaozhuikeshangudeluoli.lofter.com/post/1f9724ff_2b3ee9cd6,https://gaozhuikeshangudeluoli.lofter.com/,2021-11-05,211,211,211,211,211,211,211,917,0,0,0,0,0,0,0
918,None,img,moinmoin,https://moinmoin150.lofter.com/post/1ebe7c87_2b3ee8e86,https://moinmoin150.lofter.com/,2021-11-04,1906,1906,1906,1907,1910,1912,1912,918,0,0,1,3,2,0,6
919,我爸总让我杀了我爹（20）,text,高锥克山谷的萝莉   ⃒⃘⃤,https://gaozhuikeshangudeluoli.lofter.com/post/1f9724ff_2b3ee37e5,https://gaozhuikeshangudeluoli.lofter.com/,2021-11-04,384,384,384,384,384,384,384,919,0,0,0,0,0,0,0
920,None,img,高锥克山谷的萝莉   ⃒⃘⃤,https://gaozhuikeshangudeluoli.lofter.com/post/1f9724ff_2b3ed7fbe,https://gaozhuikeshangudeluoli.lofter.com/,2021-11-04,252,252,252,252,252,252,252,920,0,0,0,0,0,0,0
921,Speculum imaginis,text,金蝉加得,https://zhonger84482.lofter.com/post/4cc8f23d_2b3ed3f27,https://zhonger84482.lofter.com/,2021-11-04,255,257,257,260,260,260,260,921,2,0,3,0,0,0,5
922,None,img,蜉蝣蝣,https://111030111.lofter.com/post/1de6f15d_2b3ecfb3a,https://111030111.lofter.com/,2021-11-04,233,233,233,233,233,233,233,922,0,0,0,0,0,0,0
923,None,img,高锥克山谷的萝莉   ⃒⃘⃤,https://gaozhuikeshangudeluoli.lofter.com/post/1f9724ff_2b3ed04b0,https://gaozhuikeshangudeluoli.lofter.com/,2021-11-03,190,190,190,190,190,190,190,923,0,0,0,0,0,0,0
924,泪,text,moinmoin,https://moinmoin150.lofter.com/post/1ebe7c87_2b3ebed0b,https://moinmoin150.lofter.com/,2021-11-03,655,656,656,657,657,658,658,924,1,0,1,0,1,0,3
925,格林德沃是只鸡（大纲）,text,高锥克山谷的萝莉   ⃒⃘⃤,https://gaozhuikeshangudeluoli.lofter.com/post/1f9724ff_2b3ec065b,https://gaozhuikeshangudeluoli.lofter.com/,2021-11-03,131,131,131,131,131,131,131,925,0,0,0,0,0,0,0
926,Speculum imaginis,text,金蝉加得,https://zhonger84482.lofter.com/post/4cc8f23d_2b3eba9eb,https://zhonger84482.lofter.com/,2021-11-03,213,213,213,216,216,216,216,926,0,0,3,0,0,0,3
927,None,img,moinmoin,https://moinmoin150.lofter.com/post/1ebe7c87_2b3eb9a53,https://moinmoin150.lofter.com/,2021-11-02,2136,2136,2137,2138,2139,2140,2140,927,0,1,1,1,1,0,4
928,None,img,苦香瓜,https://921528781.lofter.com/post/1e17aac8_2b3eadb50,https://921528781.lofter.com/,2021-11-02,34,34,34,34,35,35,35,928,0,0,0,1,0,0,1
929,None,img,裔二娘子,https://yierniangzi.lofter.com/post/20378e9d_2b3ea43bd,https://yierniangzi.lofter.com/,2021-11-02,73,73,73,73,73,73,73,929,0,0,0,0,0,0,0
930,None,img,裔二娘子,https://yierniangzi.lofter.com/post/20378e9d_2b3ea743d,https://yierniangzi.lofter.com/,2021-11-02,814,815,815,815,815,816,816,930,1,0,0,0,1,0,2
931,None,img,高锥克山谷的萝莉   ⃒⃘⃤,https://gaozhuikeshangudeluoli.lofter.com/post/1f9724ff_2b3ea18a8,https://gaozhuikeshangudeluoli.lofter.com/,2021-11-02,3249,3249,3250,3252,3253,3255,3255,931,0,1,2,1,2,0,6
932,Speculum imaginis,text,金蝉加得,https://zhonger84482.lofter.com/post/4cc8f23d_2b3ea1f7e,https://zhonger84482.lofter.com/,2021-11-01,225,225,225,229,229,230,230,932,0,0,4,0,1,0,5
933,None,img,高锥克山谷的萝莉   ⃒⃘⃤,https://gaozhuikeshangudeluoli.lofter.com/post/1f9724ff_2b3e9a752,https://gaozhuikeshangudeluoli.lofter.com/,2021-11-01,407,407,407,407,407,408,408,933,0,0,0,0,1,0,1
934,我成了霍格沃兹的厕所（1-4）,text,高锥克山谷的萝莉   ⃒⃘⃤,https://gaozhuikeshangudeluoli.lofter.com/post/1f9724ff_2b3e914ca,https://gaozhuikeshangudeluoli.lofter.com/,2021-11-01,47,47,47,47,47,47,47,934,0,0,0,0,0,0,0
935,None,img,高锥克山谷的萝莉   ⃒⃘⃤,https://gaozhuikeshangudeluoli.lofter.com/post/1f9724ff_2b3e8e156,https://gaozhuikeshangudeluoli.lofter.com/,2021-11-01,2081,2080,2081,2084,2084,2085,2085,935,-1,1,3,0,1,0,4
936,Speculum imaginis,text,金蝉加得,https://zhonger84482.lofter.com/post/4cc8f23d_2b3e8313d,https://zhonger84482.lofter.com/,2021-10-31,213,213,213,216,216,217,217,936,0,0,3,0,1,0,4
937,妈妈为何不要我（5）,text,高锥克山谷的萝莉   ⃒⃘⃤,https://gaozhuikeshangudeluoli.lofter.com/post/1f9724ff_2b3e85399,https://gaozhuikeshangudeluoli.lofter.com/,2021-10-31,122,122,122,122,122,122,122,937,0,0,0,0,0,0,0
938,None,img,高锥克山谷的萝莉   ⃒⃘⃤,https://gaozhuikeshangudeluoli.lofter.com/post/1f9724ff_2b3e805d5,https://gaozhuikeshangudeluoli.lofter.com/,2021-10-31,396,396,396,396,396,396,396,938,0,0,0,0,0,0,0
939,Speculum imaginis,text,金蝉加得,https://zhonger84482.lofter.com/post/4cc8f23d_2b3e7d47d,https://zhonger84482.lofter.com/,2021-10-31,212,212,212,215,217,217,217,939,0,0,3,2,0,0,5
940,None,img,高锥克山谷的萝莉   ⃒⃘⃤,https://gaozhuikeshangudeluoli.lofter.com/post/1f9724ff_2b3e74613,https://gaozhuikeshangudeluoli.lofter.com/,2021-10-31,237,237,237,237,237,237,237,940,0,0,0,0,0,0,0
941,None,img,高锥克山谷的萝莉   ⃒⃘⃤,https://gaozhuikeshangudeluoli.lofter.com/post/1f9724ff_2b3e73657,https://gaozhuikeshangudeluoli.lofter.com/,2021-10-31,7688,7693,7693,7696,7698,7703,7703,941,5,0,3,2,5,0,15
942,None,img,苏辞,https://nuanxinlei.lofter.com/post/30fed260_2b3e6f74c,https://nuanxinlei.lofter.com/,2021-10-31,34,34,34,34,34,34,34,942,0,0,0,0,0,0,0
943,云镜外翻,text,苏辞,https://nuanxinlei.lofter.com/post/30fed260_2b3e62115,https://nuanxinlei.lofter.com/,2021-10-30,39,39,39,39,39,39,39,943,0,0,0,0,0,0,0
944,Speculum imaginis,text,金蝉加得,https://zhonger84482.lofter.com/post/4cc8f23d_2b3e58b08,https://zhonger84482.lofter.com/,2021-10-30,269,269,269,272,272,273,273,944,0,0,3,0,1,0,4
945,梅维斯认为自己如果去霍格沃兹会被分到格兰芬多,text,叶坎宁,https://mm798013.lofter.com/post/1d13648d_2b3e52bdb,https://mm798013.lofter.com/,2021-10-30,20,20,20,20,20,20,20,945,0,0,0,0,0,0,0
946,None,img,高锥克山谷的萝莉   ⃒⃘⃤,https://gaozhuikeshangudeluoli.lofter.com/post/1f9724ff_2b3e498b5,https://gaozhuikeshangudeluoli.lofter.com/,2021-10-30,3207,3208,3208,3211,3211,3213,3213,946,1,0,3,0,2,0,6
947,妈妈为何不要我（3-4）,text,高锥克山谷的萝莉   ⃒⃘⃤,https://gaozhuikeshangudeluoli.lofter.com/post/1f9724ff_2b3e47a75,https://gaozhuikeshangudeluoli.lofter.com/,2021-10-30,160,160,160,160,160,160,160,947,0,0,0,0,0,0,0
948,【授翻】德姆斯特朗的最佳学生（37.2）,text,moinmoin,https://moinmoin150.lofter.com/post/1ebe7c87_2b3e46335,https://moinmoin150.lofter.com/,2021-10-30,84,84,84,84,84,84,84,948,0,0,0,0,0,0,0
949,None,img,纖.Cikey,https://ningmengxiaoying.lofter.com/post/4c62d7eb_2b3e3d8ee,https://ningmengxiaoying.lofter.com/,2021-10-29,64,64,64,64,64,64,64,949,0,0,0,0,0,0,0
950,Speculum imaginis,text,金蝉加得,https://zhonger84482.lofter.com/post/4cc8f23d_2b3e3c318,https://zhonger84482.lofter.com/,2021-10-29,245,245,245,248,248,249,249,950,0,0,3,0,1,0,4
951,我爸总让我杀了我爹（19）,text,高锥克山谷的萝莉   ⃒⃘⃤,https://gaozhuikeshangudeluoli.lofter.com/post/1f9724ff_2b3e3d104,https://gaozhuikeshangudeluoli.lofter.com/,2021-10-29,419,419,419,419,419,419,419,951,0,0,0,0,0,0,0
952,Speculum imaginis,text,金蝉加得,https://zhonger84482.lofter.com/post/4cc8f23d_2b3e213de,https://zhonger84482.lofter.com/,2021-10-28,267,270,270,273,273,274,274,952,3,0,3,0,1,0,7
953,云镜 ADGG GGAD,text,苏辞,https://nuanxinlei.lofter.com/post/30fed260_1cd5226b8,https://nuanxinlei.lofter.com/,2021-10-27,14,14,14,14,14,14,14,953,0,0,0,0,0,0,0
954,Speculum imaginis,text,金蝉加得,https://zhonger84482.lofter.com/post/4cc8f23d_1cd52279a,https://zhonger84482.lofter.com/,2021-10-27,267,269,269,272,272,272,272,954,2,0,3,0,0,0,5
955,［观影体］关于麻瓜喜欢乱点鸳鸯谱这档事（2）,text,著名熊控＆口嗨老师,https://fuwangshangxian.lofter.com/post/31e7aeda_1cd506aa3,https://fuwangshangxian.lofter.com/,2021-10-27,1382,1382,1383,1384,1386,1390,1390,955,0,1,1,2,4,0,8
956,星尘,text,moinmoin,https://moinmoin150.lofter.com/post/1ebe7c87_1cd513ab0,https://moinmoin150.lofter.com/,2021-10-27,130,130,131,131,132,133,133,956,0,1,0,1,1,0,3
957,Speculum imaginis,text,金蝉加得,https://zhonger84482.lofter.com/post/4cc8f23d_1cd50ad68,https://zhonger84482.lofter.com/,2021-10-26,303,303,303,306,307,308,308,957,0,0,3,1,1,0,5
958,关于我穿进原著用的却是IF世界线的OC设定这件事（一）,text,二甲双胍与阿卡波糖,https://erjiashuangguayuakabotang.lofter.com/post/31f39f2c_1cd509def,https://erjiashuangguayuakabotang.lofter.com/,2021-10-26,1139,1139,1141,1142,1142,1142,1142,958,0,2,1,0,0,0,3
959,None,img,高锥克山谷的萝莉   ⃒⃘⃤,https://gaozhuikeshangudeluoli.lofter.com/post/1f9724ff_1cd4fee95,https://gaozhuikeshangudeluoli.lofter.com/,2021-10-26,237,237,237,237,237,237,237,959,0,0,0,0,0,0,0
960,Speculum imaginis,text,金蝉加得,https://zhonger84482.lofter.com/post/4cc8f23d_1cd4f4554,https://zhonger84482.lofter.com/,2021-10-25,289,291,291,295,294,297,297,960,2,0,4,-1,3,0,8
961,我爸总让我杀了我爹（17-18）,text,高锥克山谷的萝莉   ⃒⃘⃤,https://gaozhuikeshangudeluoli.lofter.com/post/1f9724ff_1cd4f1a79,https://gaozhuikeshangudeluoli.lofter.com/,2021-10-25,292,292,292,292,292,294,294,961,0,0,0,0,2,0,2
962,塔,text,Invalid,https://invalid03044.lofter.com/post/31edefb5_1cd4e9c04,https://invalid03044.lofter.com/,2021-10-25,22,22,22,22,22,22,22,962,0,0,0,0,0,0,0
963,Speculum imaginis,text,金蝉加得,https://zhonger84482.lofter.com/post/4cc8f23d_1cd4dda58,https://zhonger84482.lofter.com/,2021-10-24,287,289,289,292,293,294,294,963,2,0,3,1,1,0,7
964,adgg+mobgg 豆丁奶盖饲养指南,text,千•瓦（格林德沃是我老婆 回复请先看简介）,https://kw26597.lofter.com/post/4b98fd4b_1cd4dab1a,https://kw26597.lofter.com/,2021-10-24,73,74,74,74,74,74,74,964,1,0,0,0,0,0,1
965,梅维斯觉得如果自己去霍格沃兹会被分到格兰芬多,text,叶坎宁,https://mm798013.lofter.com/post/1d13648d_1cd4d2923,https://mm798013.lofter.com/,2021-10-24,25,25,25,25,25,25,25,965,0,0,0,0,0,0,0
966,【ADGG】未完待续,text,叫我易小灵,https://jiaowoyixiaoling.lofter.com/post/1efdbbea_1cd4cd795,https://jiaowoyixiaoling.lofter.com/,2021-10-24,291,291,291,292,292,292,292,966,0,0,1,0,0,0,1
967,［观影体］关于麻瓜喜欢乱点鸳鸯谱的这档子事,text,著名熊控＆口嗨老师,https://fuwangshangxian.lofter.com/post/31e7aeda_1cd4c5260,https://fuwangshangxian.lofter.com/,2021-10-24,1523,1525,1528,1529,1532,1536,1536,967,2,3,1,3,4,0,13
968,我和哥哥网恋啦(五）,text,阿德加的天狼星,https://9359333868.lofter.com/post/4ba61b7f_1cd4c1f20,https://9359333868.lofter.com/,2021-10-24,35,35,35,35,35,35,35,968,0,0,0,0,0,0,0
969,Speculum imaginis,text,金蝉加得,https://zhonger84482.lofter.com/post/4cc8f23d_1cd4ba52b,https://zhonger84482.lofter.com/,2021-10-23,337,339,339,342,342,343,343,969,2,0,3,0,1,0,6
970,［GGAD/ADGG]摆渡人au①,text,檀,https://laobaitvhaotouguai.lofter.com/post/2025167e_1cd4b61f3,https://laobaitvhaotouguai.lofter.com/,2021-10-23,20,20,20,20,21,21,21,970,0,0,0,1,0,0,1
971,None,img,黑的白的灰,https://loveterry.lofter.com/post/3de62f_1cd4adb73,https://loveterry.lofter.com/,2021-10-23,497,497,497,497,497,497,497,971,0,0,0,0,0,0,0
972,None,img,高锥克山谷的萝莉   ⃒⃘⃤,https://gaozhuikeshangudeluoli.lofter.com/post/1f9724ff_1cd4ab8a2,https://gaozhuikeshangudeluoli.lofter.com/,2021-10-23,180,180,180,180,180,180,180,972,0,0,0,0,0,0,0
973,Speculum imaginis,text,金蝉加得,https://zhonger84482.lofter.com/post/4cc8f23d_1cd49e0be,https://zhonger84482.lofter.com/,2021-10-22,413,415,415,420,421,422,422,973,2,0,5,1,1,0,9
974,我爸总让我杀了我爹（15-16）,text,高锥克山谷的萝莉   ⃒⃘⃤,https://gaozhuikeshangudeluoli.lofter.com/post/1f9724ff_1cd4949d8,https://gaozhuikeshangudeluoli.lofter.com/,2021-10-22,311,311,311,311,311,313,313,974,0,0,0,0,2,0,2
975,None,img,etheldelea,https://zhenghongz.lofter.com/post/30a54758_1cd4922bf,https://zhenghongz.lofter.com/,2021-10-22,198,198,198,198,200,202,202,975,0,0,0,2,2,0,4
976,None,img,高锥克山谷的萝莉   ⃒⃘⃤,https://gaozhuikeshangudeluoli.lofter.com/post/1f9724ff_1cd48c0b2,https://gaozhuikeshangudeluoli.lofter.com/,2021-10-22,626,626,627,627,627,627,627,976,0,1,0,0,0,0,1
977,Speculum imaginis,text,金蝉加得,https://zhonger84482.lofter.com/post/4cc8f23d_1cd484f1d,https://zhonger84482.lofter.com/,2021-10-21,294,296,296,299,300,301,301,977,2,0,3,1,1,0,7
978,梅维斯的第五章（我为什么要起那么长名字）,text,叶坎宁,https://mm798013.lofter.com/post/1d13648d_1cd48046c,https://mm798013.lofter.com/,2021-10-21,32,32,32,32,32,32,32,978,0,0,0,0,0,0,0
979,巴黎进行时（上）,text,脑袋空空,https://oao60.lofter.com/post/1e5f7044_1cd483ffb,https://oao60.lofter.com/,2021-10-21,21,21,21,21,21,21,21,979,0,0,0,0,0,0,0
980,None,img,苦香瓜,https://921528781.lofter.com/post/1e17aac8_1cd47a2a8,https://921528781.lofter.com/,2021-10-21,85,85,85,85,86,86,86,980,0,0,0,1,0,0,1
981,None,img,高锥克山谷的萝莉   ⃒⃘⃤,https://gaozhuikeshangudeluoli.lofter.com/post/1f9724ff_1cd479521,https://gaozhuikeshangudeluoli.lofter.com/,2021-10-21,53,53,53,53,53,53,53,981,0,0,0,0,0,0,0
982,Speculum imaginis,text,金蝉加得,https://zhonger84482.lofter.com/post/4cc8f23d_1cd46f2b5,https://zhonger84482.lofter.com/,2021-10-20,301,303,303,306,307,307,307,982,2,0,3,1,0,0,6
983,Speculum imaginis,text,金蝉加得,https://zhonger84482.lofter.com/post/4cc8f23d_1cd470946,https://zhonger84482.lofter.com/,2021-10-20,425,427,427,433,434,434,434,983,2,0,6,1,0,0,9
984,None,img,高锥克山谷的萝莉   ⃒⃘⃤,https://gaozhuikeshangudeluoli.lofter.com/post/1f9724ff_1cd3d8d33,https://gaozhuikeshangudeluoli.lofter.com/,2021-10-14,1309,1309,1309,1309,1309,1309,1309,984,0,0,0,0,0,0,0
985,Speculum imaginis,text,金蝉加得,https://zhonger84482.lofter.com/post/4cc8f23d_1cd46f6af,https://zhonger84482.lofter.com/,2021-10-20,1024,1029,1031,1040,1043,1043,1043,985,5,2,9,3,0,0,19
986,【凤凰起义】关于阿不思如何说服盖勒特叛乱（节选）,text,moinmoin,https://moinmoin150.lofter.com/post/1ebe7c87_1cd3bed1e,https://moinmoin150.lofter.com/,2021-10-13,877,877,878,879,879,879,879,986,0,1,1,0,0,0,2
987,我爸总让我杀了我爹（1-4）,text,高锥克山谷的萝莉   ⃒⃘⃤,https://gaozhuikeshangudeluoli.lofter.com/post/1f9724ff_1cd3bb0c9,https://gaozhuikeshangudeluoli.lofter.com/,2021-10-13,833,833,833,833,833,836,836,987,0,0,0,0,3,0,3
988,我爸总让我杀了我爹（5-7）,text,高锥克山谷的萝莉   ⃒⃘⃤,https://gaozhuikeshangudeluoli.lofter.com/post/1f9724ff_1cd3d8773,https://gaozhuikeshangudeluoli.lofter.com/,2021-10-14,435,435,435,435,435,437,437,988,0,0,0,0,2,0,2
989,None,img,高锥克山谷的萝莉   ⃒⃘⃤,https://gaozhuikeshangudeluoli.lofter.com/post/1f9724ff_1cd43dcf4,https://gaozhuikeshangudeluoli.lofter.com/,2021-10-18,387,387,387,387,387,387,387,989,0,0,0,0,0,0,0
990,我爸总让我杀了我爹（8-10）,text,高锥克山谷的萝莉   ⃒⃘⃤,https://gaozhuikeshangudeluoli.lofter.com/post/1f9724ff_1cd3ed7be,https://gaozhuikeshangudeluoli.lofter.com/,2021-10-15,344,344,344,344,344,346,346,990,0,0,0,0,2,0,2
991,我爸总让我杀了我爹（13-14）,text,高锥克山谷的萝莉   ⃒⃘⃤,https://gaozhuikeshangudeluoli.lofter.com/post/1f9724ff_1cd45d901,https://gaozhuikeshangudeluoli.lofter.com/,2021-10-19,316,316,316,316,316,318,318,991,0,0,0,0,2,0,2
992,妈妈为何不要我（1-2）,text,高锥克山谷的萝莉   ⃒⃘⃤,https://gaozhuikeshangudeluoli.lofter.com/post/1f9724ff_1cd46dd49,https://gaozhuikeshangudeluoli.lofter.com/,2021-10-20,274,274,274,274,274,274,274,992,0,0,0,0,0,0,0
993,我爸总让我杀了我爹（12）,text,高锥克山谷的萝莉   ⃒⃘⃤,https://gaozhuikeshangudeluoli.lofter.com/post/1f9724ff_1cd426742,https://gaozhuikeshangudeluoli.lofter.com/,2021-10-17,293,293,293,293,293,295,295,993,0,0,0,0,2,0,2
994,我爸总让我杀了我爹（11）,text,高锥克山谷的萝莉   ⃒⃘⃤,https://gaozhuikeshangudeluoli.lofter.com/post/1f9724ff_1cd40ca74,https://gaozhuikeshangudeluoli.lofter.com/,2021-10-16,290,290,290,290,290,292,292,994,0,0,0,0,2,0,2
995,None,img,高锥克山谷的萝莉   ⃒⃘⃤,https://gaozhuikeshangudeluoli.lofter.com/post/1f9724ff_1cd3bfdf2,https://gaozhuikeshangudeluoli.lofter.com/,2021-10-13,267,267,267,267,267,267,267,995,0,0,0,0,0,0,0
996,一个叫血盟的非生物决定去死（31-34）（完结）,text,高锥克山谷的萝莉   ⃒⃘⃤,https://gaozhuikeshangudeluoli.lofter.com/post/1f9724ff_1cd3acf75,https://gaozhuikeshangudeluoli.lofter.com/,2021-10-12,187,188,189,189,189,189,189,996,1,1,0,0,0,0,2
997,None,img,高锥克山谷的萝莉   ⃒⃘⃤,https://gaozhuikeshangudeluoli.lofter.com/post/1f9724ff_1cd466c89,https://gaozhuikeshangudeluoli.lofter.com/,2021-10-20,195,195,195,195,195,195,195,997,0,0,0,0,0,0,0
998,一个叫血盟的非生物决定去死（番外）,text,高锥克山谷的萝莉   ⃒⃘⃤,https://gaozhuikeshangudeluoli.lofter.com/post/1f9724ff_1cd4122f8,https://gaozhuikeshangudeluoli.lofter.com/,2021-10-16,138,138,139,139,139,139,139,998,0,1,0,0,0,0,1
999,一个叫血盟的非生物决定去死（28-30）,text,高锥克山谷的萝莉   ⃒⃘⃤,https://gaozhuikeshangudeluoli.lofter.com/post/1f9724ff_1cd394fc1,https://gaozhuikeshangudeluoli.lofter.com/,2021-10-11,129,129,129,129,129,129,129,999,0,0,0,0,0,0,0
